	Date	Open	High	Low	Close
0	2020-04-02	19.1	20.629999	18.969999	19.85
1	2020-04-03	19.74	20.370001	19.74	19.950001
2	2020-04-06	20.5	21.129999	20.23	20.549999
3	2020-04-07	20.49	20.629999	19.860001	20.309999
4	2020-04-08	20.18	20.57	19.98	20.41
5	2020-04-09	20.91	22.57	20.709999	22.51
6	2020-04-13	22.5	24.76	22.25	24.370001
7	2020-04-14	24.299999	25.049999	23.84	24.43
8	2020-04-15	23.74	24.690001	23.450001	24.469999
9	2020-04-16	24.5	25.110001	24.360001	25.0
10	2020-04-17	23.440001	24.65	23.15	24.540001
11	2020-04-20	24.309999	25.469999	24.309999	24.92
12	2020-04-21	24.1	25.129999	24.049999	24.82
13	2020-04-22	25.65	26.58	25.57	26.48
14	2020-04-23	26.940001	28.5	26.57	26.74
15	2020-04-24	27.25	27.67	26.799999	27.1
16	2020-04-27	27.049999	27.360001	26.280001	26.93
17	2020-04-28	26.469999	27.15	26.01	26.959999
18	2020-04-29	26.68	27.040001	25.92	26.549999
19	2020-04-30	26.1	26.559999	25.33	25.719999
20	2020-05-01	25.280001	27.1	25.16	26.93
21	2020-05-04	27.299999	27.690001	26.940001	27.379999
22	2020-05-05	27.280001	28.290001	26.92	28.190001
23	2020-05-06	27.93	28.09	26.41	26.559999
24	2020-05-07	27.0	27.65	26.639999	27.26
25	2020-05-08	27.440001	27.889999	27.24	27.389999
26	2020-05-11	27.219999	27.360001	25.91	26.02
27	2020-05-12	26.33	26.690001	25.940001	26.040001
28	2020-05-13	26.58	26.639999	25.559999	26.120001
29	2020-05-14	26.1	27.35	26.1	27.139999
30	2020-05-15	27.67	28.1	27.25	28.040001
31	2020-05-18	28.08	28.23	26.93	27.200001
32	2020-05-19	27.52	28.25	27.41	28.1
33	2020-05-20	28.290001	28.360001	27.219999	27.25
34	2020-05-21	26.959999	26.969999	25.610001	26.26
35	2020-05-22	26.6	26.959999	26.23	26.32
36	2020-05-26	25.9	25.9	24.58	24.73
37	2020-05-27	23.450001	24.0	23.059999	23.92
38	2020-05-28	24.549999	24.780001	23.809999	23.950001
39	2020-05-29	24.65	24.709999	23.959999	24.0
40	2020-06-01	24.1	24.790001	24.1	24.780001
41	2020-06-02	24.82	24.83	23.66	23.950001
42	2020-06-03	23.34	23.67	22.73	23.219999
43	2020-06-04	23.82	24.02	23.18	23.43
44	2020-06-05	22.5	23.299999	22.129999	23.290001
45	2020-06-08	23.24	23.58	22.889999	23.559999
46	2020-06-09	24.1	24.51	23.790001	24.33
47	2020-06-10	24.77	25.200001	23.65	25.08
48	2020-06-11	25.41	25.9	23.639999	24.309999
49	2020-06-12	24.65	24.91	23.91	24.07
50	2020-06-15	23.5	24.82	23.09	24.74
51	2020-06-16	24.42	24.91	24.120001	24.379999
52	2020-06-17	24.48	24.790001	24.1	24.25
53	2020-06-18	24.200001	24.43	23.84	23.940001
54	2020-06-19	24.25	24.84	24.1	24.49
55	2020-06-22	25.110001	25.860001	25.01	25.450001
56	2020-06-23	25.950001	26.18	25.5	25.68
57	2020-06-24	25.68	26.25	25.35	25.709999
58	2020-06-25	25.73	25.84	25.33	25.73
59	2020-06-26	25.639999	25.959999	25.17	25.870001
60	2020-06-29	26.0	26.190001	25.76	26.129999
61	2020-06-30	26.059999	27.040001	25.85	26.940001
62	2020-07-01	26.98	26.98	25.879999	26.809999
63	2020-07-02	26.6	26.950001	26.27	26.27
64	2020-07-06	26.73	26.99	26.360001	26.610001
65	2020-07-07	26.549999	27.209999	26.35	27.02
66	2020-07-08	27.549999	27.940001	27.290001	27.719999
67	2020-07-09	28.0	28.049999	26.99	27.59
68	2020-07-10	27.639999	27.860001	26.969999	27.110001
69	2020-07-13	27.49	27.66	26.040001	26.129999
70	2020-07-14	26.049999	27.07	25.950001	27.049999
71	2020-07-15	26.9	27.1	26.34	27.09
72	2020-07-16	26.82	27.09	26.389999	26.690001
73	2020-07-17	27.040001	27.41	26.76	27.34
74	2020-07-20	27.610001	28.17	27.610001	28.120001
75	2020-07-21	28.76	28.84	28.15	28.23
76	2020-07-22	28.65	28.690001	28.1	28.52
77	2020-07-23	28.51	28.870001	27.57	27.99
78	2020-07-24	28.120001	28.48	28.030001	28.440001
79	2020-07-27	29.5	30.200001	29.41	29.91
80	2020-07-28	29.5	29.889999	29.209999	29.59
81	2020-07-29	29.76	29.82	28.389999	28.780001
82	2020-07-30	27.9	28.629999	27.52	28.25
83	2020-07-31	28.719999	29.030001	28.26	28.91
84	2020-08-03	28.799999	28.870001	28.18	28.719999
85	2020-08-04	28.77	29.85	28.35	29.75
86	2020-08-05	30.5	30.690001	29.5	29.84
87	2020-08-06	30.040001	30.110001	29.08	29.5
88	2020-08-07	29.0	29.35	28.440001	28.870001
89	2020-08-10	29.33	29.93	28.629999	28.719999
90	2020-08-11	27.1	27.57	25.870001	26.25
91	2020-08-12	26.969999	27.049999	26.059999	26.18
92	2020-08-13	26.610001	27.440001	26.5	27.139999
93	2020-08-14	27.129999	27.24	26.549999	26.99
94	2020-08-17	29.620001	30.27	29.299999	30.129999
95	2020-08-18	31.200001	31.219999	29.74	30.040001
96	2020-08-19	30.049999	30.32	28.799999	28.98
97	2020-08-20	29.07	29.99	28.91	29.950001
98	2020-08-21	29.709999	29.780001	28.940001	29.309999
99	2020-08-24	29.780001	29.82	28.93	28.969999
100	2020-08-25	28.84	28.940001	28.120001	28.75
101	2020-08-26	28.440001	29.389999	28.389999	29.370001
102	2020-08-27	29.860001	29.9	28.309999	28.58
103	2020-08-28	29.209999	29.549999	29.049999	29.200001
104	2020-08-31	29.48	29.98	29.280001	29.65
105	2020-09-01	30.27	30.33	28.98	29.33
106	2020-09-02	29.17	29.65	28.6	29.610001
107	2020-09-03	29.33	29.690001	28.59	29.26
108	2020-09-04	28.98	29.299999	28.08	29.049999
109	2020-09-08	28.530001	29.84	28.25	29.200001
110	2020-09-09	29.51	30.6	29.450001	30.459999
111	2020-09-10	30.780001	30.870001	29.969999	30.110001
112	2020-09-11	30.299999	30.58	29.610001	29.75
113	2020-09-14	30.030001	30.299999	29.42	29.93
114	2020-09-15	30.26	30.540001	29.860001	29.99
115	2020-09-16	30.25	30.360001	29.59	29.99
116	2020-09-17	29.530001	29.530001	28.809999	29.139999
117	2020-09-18	29.299999	29.559999	28.860001	28.889999
118	2020-09-21	28.4	28.690001	27.809999	28.190001
119	2020-09-22	28.290001	28.639999	28.120001	28.42
120	2020-09-23	28.09	28.129999	26.98	27.139999
121	2020-09-24	26.870001	27.77	26.83	27.65
122	2020-09-25	27.549999	27.85	27.26	27.700001
123	2020-09-28	28.0	28.040001	27.450001	27.76
124	2020-09-29	27.969999	28.48	27.870001	28.280001
125	2020-09-30	28.120001	28.389999	27.799999	28.110001
126	2020-10-01	28.389999	28.549999	28.07	28.26
127	2020-10-02	28.190001	28.389999	27.82	27.889999
128	2020-10-05	28.01	28.74	27.969999	28.370001
129	2020-10-06	28.41	28.540001	27.040001	27.059999
130	2020-10-07	27.389999	27.530001	26.879999	26.950001
131	2020-10-08	27.120001	27.52	26.9	27.27
132	2020-10-09	27.77	28.049999	27.52	28.049999
133	2020-10-12	27.950001	28.190001	27.799999	28.040001
134	2020-10-13	27.799999	28.059999	27.18	27.959999
135	2020-10-14	28.200001	28.59	27.950001	28.309999
136	2020-10-15	27.969999	28.08	27.559999	27.75
137	2020-10-16	27.860001	27.889999	27.5	27.57
138	2020-10-19	27.82	27.969999	27.0	27.02
139	2020-10-20	27.120001	27.280001	26.84	27.07
140	2020-10-21	27.280001	27.530001	27.1	27.370001
141	2020-10-22	27.059999	27.1	26.549999	26.889999
142	2020-10-23	26.780001	26.940001	26.610001	26.809999
143	2020-10-26	26.59	27.18	26.58	26.629999
144	2020-10-27	26.66	27.120001	26.52	27.09
145	2020-10-28	26.450001	26.559999	25.709999	25.92
146	2020-10-29	25.65	26.57	25.559999	26.17
147	2020-10-30	26.41	26.77	25.75	26.73
148	2020-11-02	27.0	27.200001	26.52	27.16
149	2020-11-03	27.5	27.879999	27.25	27.780001
150	2020-11-04	27.74	28.1	27.35	27.42
151	2020-11-05	28.41	29.549999	28.379999	29.32
152	2020-11-06	29.559999	29.6	28.75	28.870001
153	2020-11-09	27.219999	27.440001	26.09	26.9
154	2020-11-10	26.9	27.01	25.9	25.940001
155	2020-11-11	25.82	25.84	25.34	25.790001
156	2020-11-12	26.02	26.24	25.83	25.91
157	2020-11-13	26.299999	26.34	25.870001	25.889999
158	2020-11-16	25.799999	26.030001	25.469999	25.860001
159	2020-11-17	25.799999	25.9	25.33	25.370001
160	2020-11-18	25.24	25.280001	24.42	24.459999
161	2020-11-19	24.17	24.440001	24.01	24.18
162	2020-11-20	24.32	24.639999	24.17	24.280001
163	2020-11-23	24.16	24.16	23.139999	23.24
164	2020-11-24	22.59	23.25	22.530001	22.790001
165	2020-11-25	23.129999	23.209999	22.66	22.83
166	2020-11-27	22.51	22.719999	22.219999	22.690001
167	2020-11-30	22.49	23.209999	22.360001	23.139999
168	2020-12-01	23.860001	24.0	23.450001	23.83
169	2020-12-02	23.969999	24.1	23.610001	23.959999
170	2020-12-03	24.18	24.209999	23.43	23.610001
171	2020-12-04	23.75	23.799999	23.24	23.5
172	2020-12-07	23.5	24.200001	23.459999	23.950001
173	2020-12-08	24.1	24.110001	23.75	23.9
174	2020-12-09	23.75	23.809999	23.18	23.360001
175	2020-12-10	23.5	23.57	22.98	23.09
176	2020-12-11	23.08	23.309999	22.84	22.9
177	2020-12-14	22.9	23.07	22.4	22.440001
178	2020-12-15	22.84	23.17	22.709999	22.870001
179	2020-12-16	23.01	23.139999	22.66	23.07
180	2020-12-17	23.639999	24.040001	23.41	23.59
181	2020-12-18	23.690001	23.690001	23.26	23.27
182	2020-12-21	23.25	23.41	22.950001	23.02
183	2020-12-22	23.0	23.049999	22.26	22.52
184	2020-12-23	22.620001	23.030001	22.559999	22.83
185	2020-12-24	22.799999	23.040001	22.73	22.9
186	2020-12-28	23.52	23.540001	22.799999	22.84
187	2020-12-29	22.959999	23.280001	22.75	22.91
188	2020-12-30	22.969999	23.280001	22.85	23.24
189	2020-12-31	23.25	23.27	22.700001	22.780001
190	2021-01-04	23.85	24.799999	23.620001	24.620001
191	2021-01-05	24.93	24.950001	24.09	24.280001
192	2021-01-06	24.07	24.57	23.9	24.5
193	2021-01-07	24.540001	24.860001	24.25	24.77
194	2021-01-08	24.219999	24.370001	23.58	23.969999
195	2021-01-11	23.530001	23.780001	23.440001	23.52
196	2021-01-12	23.59	23.67	23.200001	23.540001
197	2021-01-13	23.6	23.9	23.49	23.6
198	2021-01-14	23.57	23.91	23.540001	23.68
199	2021-01-15	23.58	23.73	23.110001	23.139999
200	2021-01-19	23.33	23.48	23.110001	23.389999
201	2021-01-20	23.73	23.959999	23.58	23.83
202	2021-01-21	23.84	23.870001	23.41	23.68
203	2021-01-22	23.18	23.700001	22.92	23.469999
204	2021-01-25	23.6	23.76	23.209999	23.440001
205	2021-01-26	23.440001	23.559999	23.24	23.280001
206	2021-01-27	23.09	23.110001	21.879999	21.99
207	2021-01-28	22.440001	22.549999	22.09	22.360001
208	2021-01-29	22.9	23.08	22.25	22.370001
209	2021-02-01	22.93	22.969999	22.139999	22.540001
210	2021-02-02	22.139999	22.52	21.940001	22.34
211	2021-02-03	22.32	22.48	22.18	22.34
212	2021-02-04	21.91	22.049999	21.48	21.99
213	2021-02-05	22.1	22.379999	21.860001	22.33
214	2021-02-08	22.629999	22.68	22.389999	22.459999
215	2021-02-09	22.52	22.540001	22.27	22.43
216	2021-02-10	22.58	22.700001	22.33	22.51
217	2021-02-11	22.549999	22.57	22.120001	22.190001
218	2021-02-12	22.07	22.290001	21.709999	22.15
219	2021-02-16	21.99	22.110001	21.65	21.700001
220	2021-02-17	21.309999	21.309999	20.6	20.83
221	2021-02-18	20.870001	20.99	20.219999	20.32
222	2021-02-19	20.360001	20.43	19.690001	19.780001
223	2021-02-22	20.0	20.6	19.860001	20.530001
224	2021-02-23	20.52	20.57	19.790001	20.16
225	2021-02-24	19.969999	20.219999	19.73	20.1
226	2021-02-25	19.85	20.200001	19.360001	19.450001
227	2021-02-26	19.23	19.290001	18.639999	18.67
228	2021-03-01	19.0	19.25	18.799999	18.969999
229	2021-03-02	19.190001	19.98	19.15	19.860001
230	2021-03-03	19.41	19.57	19.01	19.5
231	2021-03-04	19.5	20.0	19.280001	19.540001
232	2021-03-05	19.610001	19.870001	19.209999	19.84
233	2021-03-08	19.83	19.860001	19.309999	19.5
234	2021-03-09	20.08	20.42	19.85	19.99
235	2021-03-10	20.17	20.33	19.799999	20.120001
236	2021-03-11	20.27	20.440001	20.01	20.309999
237	2021-03-12	19.99	20.42	19.82	20.32
238	2021-03-15	20.459999	20.860001	20.32	20.77
239	2021-03-16	20.84	20.860001	20.52	20.709999
240	2021-03-17	20.59	21.34	20.389999	21.129999
241	2021-03-18	20.82	21.129999	20.709999	20.860001
242	2021-03-19	20.950001	20.99	20.690001	20.959999
243	2021-03-22	20.74	20.879999	20.59	20.620001
244	2021-03-23	20.559999	20.559999	20.02	20.24
245	2021-03-24	20.25	20.280001	19.959999	20.16
246	2021-03-25	20.040001	20.09	19.51	19.73
247	2021-03-26	19.610001	20.0	19.610001	20.0
248	2021-03-29	19.93	20.200001	19.559999	20.16
249	2021-03-30	19.690001	19.75	19.440001	19.51
250	2021-03-31	19.65	20.08	19.48	19.799999
251	2021-04-01	20.1	20.41	19.940001	20.370001
252	2021-04-05	20.83	20.889999	20.35	20.629999
253	2021-04-06	20.879999	21.15	20.690001	20.879999
254	2021-04-07	20.91	20.950001	20.59	20.67
255	2021-04-08	20.969999	21.16	20.889999	21.16
256	2021-04-09	21.0	21.27	20.889999	21.209999
257	2021-04-12	21.139999	21.16	20.85	20.99
258	2021-04-13	21.15	21.469999	20.969999	21.1
259	2021-04-14	21.120001	21.25	21.01	21.110001
260	2021-04-15	21.389999	22.200001	21.35	21.98
261	2021-04-16	22.379999	22.43	22.02	22.23
262	2021-04-19	22.27	22.4	22.02	22.110001
263	2021-04-20	22.040001	22.459999	21.98	22.4
264	2021-04-21	22.48	22.860001	22.43	22.74
265	2021-04-22	22.540001	22.559999	22.23	22.41
266	2021-04-23	22.559999	22.629999	22.15	22.209999
267	2021-04-26	22.219999	22.299999	22.01	22.16
268	2021-04-27	22.15	22.15	21.59	21.639999
269	2021-04-28	21.5	21.91	21.32	21.76
270	2021-04-29	21.700001	21.75	21.110001	21.35
271	2021-04-30	21.280001	21.52	21.15	21.25
272	2021-05-03	21.58	22.33	21.52	22.23
273	2021-05-04	22.120001	22.549999	21.76	22.01
274	2021-05-05	22.290001	22.290001	22.030001	22.25
275	2021-05-06	22.58	23.6	22.57	23.549999
276	2021-05-07	23.959999	24.16	23.59	23.92
277	2021-05-10	24.23	24.440001	23.92	23.93
278	2021-05-11	23.48	24.030001	23.389999	23.950001
279	2021-05-12	23.950001	24.18	23.43	23.530001
280	2021-05-13	23.4	23.719999	23.139999	23.58
281	2021-05-14	23.82	24.08	23.700001	24.02
282	2021-05-17	24.280001	25.290001	23.99	25.27
283	2021-05-18	25.23	25.24	24.610001	25.110001
284	2021-05-19	24.860001	25.370001	24.42	24.59
285	2021-05-20	24.540001	25.0	24.450001	24.809999
286	2021-05-21	25.0	25.049999	24.49	24.700001
287	2021-05-24	24.790001	24.889999	24.540001	24.68
288	2021-05-25	24.66	24.700001	24.23	24.58
289	2021-05-26	24.809999	24.940001	24.5	24.58
290	2021-05-27	24.41	24.42	23.73	23.860001
291	2021-05-28	23.549999	24.15	23.48	24.08
292	2021-06-01	24.129999	24.299999	23.790001	24.26
293	2021-06-02	24.280001	24.370001	24.139999	24.17
294	2021-06-03	23.57	23.6	23.129999	23.209999
295	2021-06-04	23.32	23.68	23.25	23.459999
296	2021-06-07	23.32	23.49	23.17	23.41
297	2021-06-08	23.35	23.52	23.120001	23.120001
298	2021-06-09	23.1	23.33	23.01	23.01
299	2021-06-10	23.02	23.73	22.93	23.709999
300	2021-06-11	23.610001	23.66	23.219999	23.23
301	2021-06-14	22.879999	23.26	22.700001	23.15
302	2021-06-15	23.16	23.16	22.77	22.790001
303	2021-06-16	22.83	23.139999	22.440001	22.450001
304	2021-06-17	21.790001	21.879999	21.0	21.030001
305	2021-06-18	21.120001	21.23	20.74	20.75
306	2021-06-21	20.940001	21.27	20.799999	21.15
307	2021-06-22	21.07	21.280001	20.98	21.08
308	2021-06-23	21.309999	21.35	20.940001	20.959999
309	2021-06-24	21.059999	21.17	20.92	20.969999
310	2021-06-25	21.190001	21.24	20.83	20.889999
311	2021-06-28	20.92	21.040001	20.540001	20.700001
312	2021-06-29	20.42	20.68	20.290001	20.530001
313	2021-06-30	20.700001	20.809999	20.459999	20.68
314	2021-07-01	20.93	20.940001	20.5	20.58
315	2021-07-02	20.82	20.959999	20.59	20.790001
316	2021-07-06	21.110001	21.360001	20.98	21.290001
317	2021-07-07	21.41	21.41	21.030001	21.190001
318	2021-07-08	21.209999	21.290001	20.57	20.719999
319	2021-07-09	20.799999	21.209999	20.76	21.129999
320	2021-07-12	21.0	21.27	20.77	20.83
321	2021-07-13	20.92	21.530001	20.91	21.139999
322	2021-07-14	21.639999	21.65	21.200001	21.33
323	2021-07-15	21.309999	21.35	20.950001	21.27
324	2021-07-16	21.17	21.209999	20.709999	20.860001
325	2021-07-19	20.629999	20.85	20.27	20.540001
326	2021-07-20	20.67	21.059999	20.549999	20.719999
327	2021-07-21	20.57	21.01	20.530001	20.9
328	2021-07-22	20.780001	20.870001	20.52	20.74
329	2021-07-23	20.65	20.780001	20.43	20.629999
330	2021-07-26	20.66	21.049999	20.57	20.82
331	2021-07-27	20.860001	21.059999	20.68	20.99
332	2021-07-28	20.969999	21.370001	20.91	21.34
333	2021-07-29	21.74	21.99	21.59	21.809999
334	2021-07-30	21.690001	21.99	21.59	21.77
335	2021-08-02	21.780001	21.790001	21.41	21.57
336	2021-08-03	21.549999	21.77	21.540001	21.719999
337	2021-08-04	22.01	22.299999	21.620001	21.65
338	2021-08-05	21.66	21.66	21.209999	21.26
339	2021-08-06	20.75	21.0	20.35	20.799999
340	2021-08-09	20.49	20.83	20.4	20.559999
341	2021-08-10	20.48	20.57	19.84	19.84
342	2021-08-11	20.07	20.5	20.030001	20.309999
343	2021-08-12	20.209999	20.23	19.870001	20.049999
344	2021-08-13	20.299999	20.5	20.129999	20.27
345	2021-08-16	20.110001	20.360001	20.040001	20.190001
346	2021-08-17	20.139999	20.24	19.82	19.969999
347	2021-08-18	20.030001	20.030001	19.389999	19.459999
348	2021-08-19	19.379999	19.459999	19.059999	19.129999
349	2021-08-20	19.01	19.4	18.76	19.23
350	2021-08-23	19.58	20.26	19.32	20.15
351	2021-08-24	20.26	20.27	19.98	20.120001
352	2021-08-25	19.950001	19.969999	19.700001	19.85
353	2021-08-26	19.629999	19.870001	19.6	19.73
354	2021-08-27	19.719999	20.34	19.639999	20.24
355	2021-08-30	20.24	20.25	19.719999	19.809999
356	2021-08-31	19.889999	20.110001	19.83	20.07
357	2021-09-01	20.200001	20.219999	19.799999	19.809999
358	2021-09-02	19.83	19.9	19.68	19.870001
359	2021-09-03	20.18	20.51	20.049999	20.299999
360	2021-09-07	20.15	20.16	19.73	19.85
361	2021-09-08	19.82	19.98	19.610001	19.860001
362	2021-09-09	20.01	20.01	19.620001	19.690001
363	2021-09-10	19.690001	19.76	19.35	19.35
364	2021-09-13	19.389999	19.690001	19.23	19.469999
365	2021-09-14	19.629999	19.82	19.450001	19.5
366	2021-09-15	19.48	19.67	19.33	19.360001
367	2021-09-16	18.98	18.98	18.4	18.51
368	2021-09-17	18.48	18.49	18.26	18.360001
369	2021-09-20	18.23	18.65	18.1	18.65
370	2021-09-21	18.799999	18.85	18.48	18.49
371	2021-09-22	18.549999	18.809999	18.41	18.450001
372	2021-09-23	18.299999	18.379999	18.09	18.23
373	2021-09-24	18.09	18.27	18.030001	18.030001
374	2021-09-27	18.059999	18.26	17.870001	17.950001
375	2021-09-28	17.809999	18.120001	17.57	18.1
376	2021-09-29	18.040001	18.15	17.559999	17.58
377	2021-09-30	17.690001	18.219999	17.65	18.049999
378	2021-10-01	18.08	18.08	17.73	17.99
379	2021-10-04	17.99	18.42	17.959999	18.23
380	2021-10-05	18.15	18.190001	17.809999	18.15
381	2021-10-06	18.059999	18.459999	18.02	18.450001
382	2021-10-07	18.35	18.629999	18.34	18.59
383	2021-10-08	19.030001	19.07	18.51	18.52
384	2021-10-11	18.610001	18.73	18.35	18.440001
385	2021-10-12	18.49	18.83	18.309999	18.66
386	2021-10-13	18.91	19.42	18.879999	19.23
387	2021-10-14	19.49	19.74	19.4	19.57
388	2021-10-15	19.17	19.26	18.799999	19.129999
389	2021-10-18	19.08	19.24	18.9	19.07
390	2021-10-19	19.440001	19.49	19.07	19.309999
391	2021-10-20	19.43	19.67	19.33	19.42
392	2021-10-21	19.32	19.43	19.209999	19.370001
393	2021-10-22	19.690001	20.049999	19.43	19.48
394	2021-10-25	19.76	19.77	19.52	19.549999
395	2021-10-26	19.459999	19.58	19.299999	19.43
396	2021-10-27	19.370001	19.530001	19.299999	19.389999
397	2021-10-28	19.42	19.469999	18.9	18.940001
398	2021-10-29	18.629999	18.719999	18.370001	18.370001
399	2021-11-01	18.370001	18.709999	18.219999	18.48
400	2021-11-02	18.49	18.5	18.26	18.469999
401	2021-11-03	18.200001	18.77	18.190001	18.620001
402	2021-11-04	18.860001	19.129999	18.6	18.75
403	2021-11-05	18.93	19.6	18.809999	19.6
404	2021-11-08	19.76	19.799999	19.34	19.48
405	2021-11-09	19.51	19.639999	19.27	19.620001
406	2021-11-10	20.25	20.620001	20.219999	20.459999
407	2021-11-11	20.85	20.91	20.559999	20.65
408	2021-11-12	20.5	20.950001	20.389999	20.75
409	2021-11-15	20.75	20.959999	20.6	20.9
410	2021-11-16	20.85	21.049999	20.52	20.6
411	2021-11-17	20.799999	21.190001	20.73	20.99
412	2021-11-18	20.9	20.99	20.49	20.559999
413	2021-11-19	20.450001	20.709999	20.15	20.25
414	2021-11-22	19.82	20.02	19.530001	19.790001
415	2021-11-23	19.5	19.67	19.309999	19.43
416	2021-11-24	19.23	19.530001	19.23	19.389999
417	2021-11-26	19.799999	19.83	19.219999	19.379999
