	Date	Open	High	Low	Close
0	2020-04-02	2.2	2.33	2.16	2.18
1	2020-04-03	2.23	2.31	2.11	2.11
2	2020-04-06	2.3	2.55	2.19	2.42
3	2020-04-07	2.49	2.54	2.33	2.4
4	2020-04-08	2.39	2.55	2.39	2.47
5	2020-04-09	2.63	2.76	2.52	2.67
6	2020-04-13	2.77	2.89	2.53	2.85
7	2020-04-14	3.03	3.34	2.99	3.07
8	2020-04-15	2.98	3.05	2.76	2.86
9	2020-04-16	2.98	3.0	2.79	2.89
10	2020-04-17	2.8	2.89	2.72	2.78
11	2020-04-20	2.88	2.97	2.85	2.94
12	2020-04-21	2.79	2.9	2.76	2.82
13	2020-04-22	2.99	3.11	2.96	3.08
14	2020-04-23	3.34	3.61	3.32	3.55
15	2020-04-24	3.73	3.84	3.58	3.77
16	2020-04-27	3.77	3.83	3.56	3.65
17	2020-04-28	3.65	3.65	3.47	3.57
18	2020-04-29	3.59	3.75	3.54	3.75
19	2020-04-30	3.67	3.77	3.57	3.62
20	2020-05-01	3.55	3.87	3.46	3.85
21	2020-05-04	3.81	3.98	3.8	3.91
22	2020-05-05	3.93	4.0	3.77	3.88
23	2020-05-06	3.58	3.58	3.32	3.5
24	2020-05-07	3.45	3.6	3.3	3.54
25	2020-05-08	3.48	3.67	3.46	3.57
26	2020-05-11	3.5	3.61	3.46	3.47
27	2020-05-12	3.6	3.77	3.58	3.67
28	2020-05-13	3.63	3.69	3.45	3.52
29	2020-05-14	3.5	3.81	3.5	3.78
30	2020-05-15	3.85	3.89	3.74	3.85
31	2020-05-18	3.92	3.93	3.71	3.74
32	2020-05-19	3.74	3.86	3.66	3.79
33	2020-05-20	3.7	3.8	3.67	3.68
34	2020-05-21	3.63	3.65	3.51	3.62
35	2020-05-22	3.55	3.65	3.52	3.53
36	2020-05-26	3.48	3.5	3.28	3.31
37	2020-05-27	3.2	3.39	3.19	3.39
38	2020-05-28	3.44	3.46	3.27	3.32
39	2020-05-29	3.37	3.39	3.25	3.33
40	2020-06-01	3.37	3.42	3.35	3.41
41	2020-06-02	3.51	3.52	3.28	3.28
42	2020-06-03	3.12	3.2	3.07	3.11
43	2020-06-04	3.27	3.28	3.14	3.25
44	2020-06-05	3.05	3.15	3.0	3.13
45	2020-06-08	3.15	3.21	3.12	3.17
46	2020-06-09	3.25	3.32	3.21	3.22
47	2020-06-10	3.25	3.37	3.1	3.36
48	2020-06-11	3.24	3.33	3.04	3.08
49	2020-06-12	3.2	3.25	3.09	3.14
50	2020-06-15	3.0	3.15	2.93	3.12
51	2020-06-16	3.14	3.14	2.99	2.99
52	2020-06-17	2.97	3.07	2.97	3.02
53	2020-06-18	3.01	3.07	2.99	3.03
54	2020-06-19	3.15	3.36	3.14	3.28
55	2020-06-22	3.39	3.5	3.34	3.46
56	2020-06-23	3.55	3.64	3.5	3.59
57	2020-06-24	3.48	3.57	3.28	3.43
58	2020-06-25	3.45	3.65	3.42	3.65
59	2020-06-26	3.55	3.66	3.45	3.6
60	2020-06-29	3.82	3.97	3.81	3.97
61	2020-06-30	3.93	4.18	3.91	4.17
62	2020-07-01	4.4	4.46	4.25	4.45
63	2020-07-02	4.47	4.67	4.47	4.51
64	2020-07-06	4.67	4.75	4.6	4.72
65	2020-07-07	4.74	5.1	4.72	5.05
66	2020-07-08	5.35	5.8	5.28	5.79
67	2020-07-09	5.85	5.87	5.38	5.51
68	2020-07-10	5.85	5.97	5.68	5.82
69	2020-07-13	6.08	6.1	5.44	5.47
70	2020-07-14	5.73	6.04	5.69	6.04
71	2020-07-15	6.11	6.11	5.87	6.02
72	2020-07-16	6.01	6.05	5.76	5.83
73	2020-07-17	6.11	6.44	6.06	6.42
74	2020-07-20	6.66	6.74	6.45	6.56
75	2020-07-21	6.81	6.88	6.32	6.34
76	2020-07-22	6.46	6.48	6.23	6.42
77	2020-07-23	6.58	6.82	6.28	6.47
78	2020-07-24	6.78	7.06	6.69	7.03
79	2020-07-27	7.45	7.61	7.01	7.1
80	2020-07-28	7.1	7.22	6.88	7.09
81	2020-07-29	7.02	7.06	6.65	6.84
82	2020-07-30	6.63	6.84	6.35	6.38
83	2020-07-31	6.57	6.6	6.38	6.45
84	2020-08-03	6.5	6.52	6.15	6.35
85	2020-08-04	6.33	6.87	6.27	6.87
86	2020-08-05	7.06	7.21	6.73	6.9
87	2020-08-06	7.02	7.03	6.56	6.69
88	2020-08-07	6.52	6.62	6.25	6.39
89	2020-08-10	6.41	6.57	6.22	6.23
90	2020-08-11	5.9	6.0	5.69	5.74
91	2020-08-12	5.91	6.0	5.71	5.72
92	2020-08-13	5.8	6.03	5.77	5.93
93	2020-08-14	5.94	5.99	5.76	5.95
94	2020-08-17	6.17	6.3	6.12	6.25
95	2020-08-18	6.48	6.57	6.1	6.18
96	2020-08-19	6.11	6.18	5.84	5.9
97	2020-08-20	5.82	5.99	5.72	5.94
98	2020-08-21	5.78	5.86	5.67	5.76
99	2020-08-24	6.14	6.17	5.89	5.92
100	2020-08-25	5.9	5.9	5.61	5.79
101	2020-08-26	5.65	5.99	5.65	5.96
102	2020-08-27	6.16	6.16	5.67	5.75
103	2020-08-28	6.15	6.53	6.13	6.48
104	2020-08-31	6.6	6.71	6.45	6.48
105	2020-09-01	6.6	6.6	6.11	6.23
106	2020-09-02	6.05	6.05	5.83	6.03
107	2020-09-03	5.87	6.09	5.77	6.03
108	2020-09-04	5.97	6.04	5.67	5.95
109	2020-09-08	5.66	5.9	5.55	5.76
110	2020-09-09	5.91	6.27	5.91	6.25
111	2020-09-10	6.28	6.37	6.17	6.24
112	2020-09-11	6.3	6.41	5.91	6.0
113	2020-09-14	6.04	6.2	6.04	6.19
114	2020-09-15	6.53	6.62	6.31	6.36
115	2020-09-16	6.37	6.4	6.09	6.11
116	2020-09-17	5.79	5.84	5.69	5.77
117	2020-09-18	5.8	5.8	5.5	5.53
118	2020-09-21	5.31	5.43	5.18	5.29
119	2020-09-22	5.26	5.34	5.18	5.28
120	2020-09-23	5.15	5.19	4.95	4.99
121	2020-09-24	4.88	5.23	4.86	5.14
122	2020-09-25	5.09	5.19	5.03	5.12
123	2020-09-28	5.28	5.29	5.08	5.18
124	2020-09-29	5.33	5.46	5.28	5.42
125	2020-09-30	5.36	5.38	5.22	5.27
126	2020-10-01	5.34	5.41	5.26	5.29
127	2020-10-02	5.3	5.4	5.22	5.26
128	2020-10-05	5.39	5.57	5.31	5.41
129	2020-10-06	5.5	5.57	5.14	5.15
130	2020-10-07	5.19	5.3	5.09	5.23
131	2020-10-08	5.33	5.45	5.31	5.44
132	2020-10-09	5.67	5.96	5.65	5.96
133	2020-10-12	5.87	5.89	5.74	5.85
134	2020-10-13	5.76	5.81	5.64	5.77
135	2020-10-14	5.91	6.02	5.85	5.93
136	2020-10-15	5.75	5.83	5.7	5.76
137	2020-10-16	5.78	5.8	5.62	5.66
138	2020-10-19	5.76	5.76	5.49	5.49
139	2020-10-20	5.52	5.59	5.45	5.59
140	2020-10-21	5.67	5.92	5.67	5.78
141	2020-10-22	5.59	5.63	5.37	5.53
142	2020-10-23	5.39	5.41	5.21	5.3
143	2020-10-26	5.16	5.27	5.1	5.13
144	2020-10-27	5.14	5.27	5.09	5.27
145	2020-10-28	4.9	4.94	4.79	4.81
146	2020-10-29	4.76	4.96	4.72	4.88
147	2020-10-30	4.88	4.96	4.79	4.91
148	2020-11-02	5.06	5.25	4.98	5.24
149	2020-11-03	5.3	5.34	5.23	5.27
150	2020-11-04	5.27	5.36	5.16	5.19
151	2020-11-05	5.58	5.84	5.55	5.79
152	2020-11-06	5.9	5.92	5.75	5.83
153	2020-11-09	5.16	5.18	4.94	5.09
154	2020-11-10	5.1	5.21	5.01	5.02
155	2020-11-11	4.78	4.86	4.7	4.76
156	2020-11-12	4.62	4.78	4.62	4.69
157	2020-11-13	4.79	4.86	4.74	4.81
158	2020-11-16	4.71	4.78	4.64	4.71
159	2020-11-17	4.73	4.73	4.61	4.63
160	2020-11-18	4.63	4.68	4.55	4.56
161	2020-11-19	4.44	4.6	4.41	4.55
162	2020-11-20	4.6	4.66	4.57	4.66
163	2020-11-23	4.48	4.49	4.29	4.32
164	2020-11-24	4.04	4.22	4.01	4.16
165	2020-11-25	4.11	4.29	4.11	4.29
166	2020-11-27	4.1	4.27	4.07	4.24
167	2020-11-30	4.12	4.28	4.11	4.21
168	2020-12-01	4.4	4.6	4.39	4.55
169	2020-12-02	4.53	4.6	4.46	4.55
170	2020-12-03	4.47	4.49	4.35	4.42
171	2020-12-04	4.4	4.46	4.32	4.33
172	2020-12-07	4.29	4.53	4.27	4.47
173	2020-12-08	4.58	4.6	4.43	4.51
174	2020-12-09	4.35	4.39	4.16	4.22
175	2020-12-10	4.29	4.37	4.23	4.24
176	2020-12-11	4.22	4.28	4.12	4.14
177	2020-12-14	4.15	4.23	4.1	4.1
178	2020-12-15	4.29	4.48	4.28	4.48
179	2020-12-16	4.56	4.59	4.39	4.56
180	2020-12-17	4.72	4.86	4.71	4.81
181	2020-12-18	4.95	4.96	4.78	4.78
182	2020-12-21	4.85	4.94	4.79	4.86
183	2020-12-22	4.84	4.86	4.56	4.61
184	2020-12-23	4.57	4.7	4.57	4.68
185	2020-12-24	4.63	4.81	4.63	4.77
186	2020-12-28	4.9	4.96	4.67	4.68
187	2020-12-29	4.81	4.85	4.69	4.73
188	2020-12-30	4.77	4.89	4.74	4.89
189	2020-12-31	4.91	4.93	4.6	4.68
190	2021-01-04	5.08	5.37	4.99	5.33
191	2021-01-05	5.36	5.38	5.08	5.13
192	2021-01-06	5.08	5.08	4.76	4.95
193	2021-01-07	4.79	4.85	4.7	4.78
194	2021-01-08	4.7	4.72	4.39	4.52
195	2021-01-11	4.43	4.53	4.4	4.41
196	2021-01-12	4.42	4.53	4.36	4.53
197	2021-01-13	4.53	4.57	4.45	4.47
198	2021-01-14	4.4	4.52	4.35	4.44
199	2021-01-15	4.38	4.46	4.25	4.26
200	2021-01-19	4.3	4.33	4.2	4.23
201	2021-01-20	4.35	4.52	4.35	4.49
202	2021-01-21	4.47	4.5	4.38	4.46
203	2021-01-22	4.3	4.49	4.25	4.41
204	2021-01-25	4.42	4.48	4.32	4.43
205	2021-01-26	4.4	4.62	4.39	4.6
206	2021-01-27	4.42	4.47	4.27	4.29
207	2021-01-28	4.49	4.62	4.45	4.53
208	2021-01-29	4.68	4.72	4.41	4.45
209	2021-02-01	4.56	4.63	4.47	4.53
210	2021-02-02	4.41	4.43	4.32	4.33
211	2021-02-03	4.33	4.37	4.29	4.33
212	2021-02-04	4.14	4.21	4.1	4.19
213	2021-02-05	4.27	4.32	4.17	4.32
214	2021-02-08	4.33	4.38	4.27	4.3
215	2021-02-09	4.3	4.33	4.23	4.29
216	2021-02-10	4.35	4.39	4.29	4.33
217	2021-02-11	4.28	4.31	4.15	4.18
218	2021-02-12	4.11	4.21	4.06	4.13
219	2021-02-16	4.0	4.09	3.94	3.95
220	2021-02-17	3.82	3.89	3.79	3.89
221	2021-02-18	3.8	3.91	3.75	3.77
222	2021-02-19	3.87	3.9	3.81	3.86
223	2021-02-22	3.91	4.16	3.91	4.15
224	2021-02-23	4.06	4.11	3.9	4.06
225	2021-02-24	3.91	4.12	3.86	4.1
226	2021-02-25	4.01	4.05	3.87	3.92
227	2021-02-26	3.87	3.92	3.76	3.79
228	2021-03-01	3.88	3.94	3.79	3.82
229	2021-03-02	3.9	4.19	3.88	4.12
230	2021-03-03	4.01	4.24	3.95	4.14
231	2021-03-04	4.14	4.36	4.09	4.2
232	2021-03-05	4.2	4.36	4.12	4.33
233	2021-03-08	4.24	4.38	4.23	4.32
234	2021-03-09	4.5	4.63	4.45	4.52
235	2021-03-10	4.52	4.6	4.51	4.58
236	2021-03-11	4.57	4.61	4.43	4.47
237	2021-03-12	4.31	4.41	4.29	4.35
238	2021-03-15	4.4	4.55	4.39	4.47
239	2021-03-16	4.47	4.56	4.46	4.49
240	2021-03-17	4.47	4.59	4.38	4.57
241	2021-03-18	4.48	4.57	4.43	4.5
242	2021-03-19	4.4	4.55	4.39	4.54
243	2021-03-22	4.53	4.6	4.43	4.45
244	2021-03-23	4.42	4.43	4.15	4.16
245	2021-03-24	4.15	4.18	4.06	4.08
246	2021-03-25	4.08	4.15	4.06	4.15
247	2021-03-26	4.16	4.4	4.16	4.4
248	2021-03-29	4.34	4.51	4.32	4.5
249	2021-03-30	4.31	4.36	4.22	4.25
250	2021-03-31	4.26	4.45	4.25	4.36
251	2021-04-01	4.62	4.91	4.6	4.87
252	2021-04-05	4.89	4.91	4.78	4.82
253	2021-04-06	4.87	5.04	4.87	4.94
254	2021-04-07	4.88	4.93	4.8	4.82
255	2021-04-08	4.9	5.03	4.88	4.94
256	2021-04-09	4.73	4.91	4.71	4.88
257	2021-04-12	4.73	4.76	4.51	4.58
258	2021-04-13	4.52	4.6	4.49	4.57
259	2021-04-14	4.47	4.49	4.34	4.35
260	2021-04-15	4.37	4.66	4.37	4.6
261	2021-04-16	4.63	4.73	4.58	4.72
262	2021-04-19	4.71	4.73	4.62	4.69
263	2021-04-20	4.6	4.75	4.57	4.66
264	2021-04-21	4.71	4.86	4.68	4.86
265	2021-04-22	4.78	4.85	4.66	4.74
266	2021-04-23	4.85	4.93	4.77	4.79
267	2021-04-26	4.95	4.97	4.87	4.88
268	2021-04-27	4.97	4.97	4.75	4.77
269	2021-04-28	4.73	4.84	4.7	4.83
270	2021-04-29	4.75	4.75	4.56	4.63
271	2021-04-30	4.58	4.65	4.53	4.54
272	2021-05-03	4.65	4.84	4.64	4.82
273	2021-05-04	4.76	4.84	4.59	4.65
274	2021-05-05	4.65	4.65	4.56	4.62
275	2021-05-06	4.69	4.96	4.66	4.85
276	2021-05-07	5.0	5.2	4.91	5.18
277	2021-05-10	5.28	5.3	5.04	5.07
278	2021-05-11	4.88	5.03	4.81	4.98
279	2021-05-12	4.93	4.97	4.74	4.76
280	2021-05-13	4.71	4.85	4.7	4.78
281	2021-05-14	4.91	5.03	4.88	4.99
282	2021-05-17	5.14	5.6	5.13	5.53
283	2021-05-18	5.56	5.61	5.43	5.58
284	2021-05-19	5.59	5.76	5.36	5.47
285	2021-05-20	5.52	5.6	5.46	5.5
286	2021-05-21	5.58	5.59	5.41	5.48
287	2021-05-24	5.42	5.45	5.35	5.45
288	2021-05-25	5.37	5.48	5.27	5.43
289	2021-05-26	5.48	5.51	5.27	5.34
290	2021-05-27	5.25	5.27	5.16	5.16
291	2021-05-28	5.14	5.25	5.12	5.16
292	2021-06-01	5.3	5.36	5.22	5.26
293	2021-06-02	5.3	5.38	5.24	5.36
294	2021-06-03	5.13	5.14	4.98	5.01
295	2021-06-04	5.09	5.13	5.05	5.1
296	2021-06-07	4.95	4.98	4.89	4.94
297	2021-06-08	4.85	4.87	4.73	4.75
298	2021-06-09	4.73	4.78	4.67	4.67
299	2021-06-10	4.66	4.82	4.62	4.82
300	2021-06-11	4.74	4.8	4.6	4.64
301	2021-06-14	4.51	4.59	4.47	4.5
302	2021-06-15	4.49	4.5	4.37	4.43
303	2021-06-16	4.46	4.5	4.22	4.28
304	2021-06-17	4.22	4.29	4.15	4.22
305	2021-06-18	4.22	4.26	4.08	4.08
306	2021-06-21	4.15	4.18	4.08	4.15
307	2021-06-22	4.03	4.05	3.97	3.98
308	2021-06-23	3.92	4.03	3.86	3.87
309	2021-06-24	3.94	3.99	3.85	3.86
310	2021-06-25	3.93	3.96	3.82	3.83
311	2021-06-28	3.8	3.85	3.7	3.74
312	2021-06-29	3.67	3.75	3.66	3.68
313	2021-06-30	3.71	3.77	3.69	3.73
314	2021-07-01	3.85	3.91	3.78	3.8
315	2021-07-02	3.88	3.89	3.76	3.86
316	2021-07-06	3.97	4.04	3.83	3.87
317	2021-07-07	3.95	3.96	3.84	3.91
318	2021-07-08	3.95	3.97	3.72	3.74
319	2021-07-09	3.73	3.85	3.73	3.82
320	2021-07-12	3.78	3.93	3.75	3.82
321	2021-07-13	3.9	4.15	3.89	4.0
322	2021-07-14	4.13	4.17	4.04	4.11
323	2021-07-15	4.12	4.17	4.09	4.17
324	2021-07-16	4.14	4.17	4.01	4.04
325	2021-07-19	3.99	4.06	3.94	4.05
326	2021-07-20	4.11	4.18	4.06	4.08
327	2021-07-21	4.01	4.13	4.01	4.1
328	2021-07-22	4.08	4.09	3.99	4.06
329	2021-07-23	4.02	4.05	3.91	3.91
330	2021-07-26	3.96	4.07	3.96	4.03
331	2021-07-27	4.08	4.08	3.99	4.07
332	2021-07-28	4.03	4.14	4.0	4.13
333	2021-07-29	4.26	4.33	4.24	4.25
334	2021-07-30	4.16	4.2	4.08	4.1
335	2021-08-02	4.11	4.18	4.07	4.16
336	2021-08-03	4.13	4.24	4.12	4.21
337	2021-08-04	4.3	4.35	4.19	4.22
338	2021-08-05	4.18	4.19	4.0	4.01
339	2021-08-06	3.88	3.9	3.73	3.75
340	2021-08-09	3.64	3.71	3.55	3.58
341	2021-08-10	3.52	3.55	3.46	3.49
342	2021-08-11	3.59	3.67	3.59	3.62
343	2021-08-12	3.58	3.58	3.47	3.49
344	2021-08-13	3.56	3.6	3.52	3.57
345	2021-08-16	3.63	3.67	3.6	3.65
346	2021-08-17	3.64	3.75	3.63	3.64
347	2021-08-18	3.65	3.65	3.49	3.53
348	2021-08-19	3.57	3.57	3.48	3.49
349	2021-08-20	3.52	3.63	3.5	3.58
350	2021-08-23	3.71	3.82	3.66	3.76
351	2021-08-24	3.75	3.77	3.69	3.74
352	2021-08-25	3.7	3.7	3.57	3.6
353	2021-08-26	3.53	3.64	3.51	3.56
354	2021-08-27	3.6	3.85	3.58	3.84
355	2021-08-30	3.84	3.85	3.76	3.79
356	2021-08-31	3.65	3.79	3.64	3.78
357	2021-09-01	3.79	3.8	3.69	3.69
358	2021-09-02	3.6	3.6	3.47	3.53
359	2021-09-03	3.51	3.59	3.48	3.51
360	2021-09-07	3.4	3.43	3.27	3.27
361	2021-09-08	3.27	3.27	3.16	3.23
362	2021-09-09	3.21	3.21	3.12	3.17
363	2021-09-10	3.19	3.2	3.11	3.13
364	2021-09-13	3.16	3.36	3.14	3.3
365	2021-09-14	3.42	3.48	3.32	3.46
366	2021-09-15	3.38	3.45	3.36	3.41
367	2021-09-16	3.23	3.23	3.13	3.21
368	2021-09-17	3.17	3.24	3.16	3.23
369	2021-09-20	3.21	3.31	3.18	3.3
370	2021-09-21	3.33	3.36	3.25	3.28
371	2021-09-22	3.28	3.37	3.25	3.26
372	2021-09-23	3.23	3.24	3.15	3.22
373	2021-09-24	3.21	3.26	3.18	3.18
374	2021-09-27	3.21	3.31	3.19	3.23
375	2021-09-28	3.15	3.21	3.12	3.18
376	2021-09-29	3.13	3.14	3.0	3.01
377	2021-09-30	3.09	3.21	3.07	3.15
378	2021-10-01	3.2	3.21	3.14	3.18
379	2021-10-04	3.15	3.24	3.14	3.22
380	2021-10-05	3.23	3.27	3.15	3.24
381	2021-10-06	3.24	3.41	3.22	3.41
382	2021-10-07	3.39	3.48	3.38	3.43
383	2021-10-08	3.57	3.6	3.46	3.5
384	2021-10-11	3.5	3.59	3.49	3.54
385	2021-10-12	3.63	3.75	3.58	3.69
386	2021-10-13	3.76	3.88	3.76	3.86
387	2021-10-14	3.9	3.91	3.82	3.89
388	2021-10-15	3.73	3.91	3.71	3.86
389	2021-10-18	3.83	3.89	3.79	3.8
390	2021-10-19	3.9	3.92	3.8	3.86
391	2021-10-20	3.92	4.03	3.92	3.94
392	2021-10-21	3.89	3.91	3.83	3.9
393	2021-10-22	4.0	4.09	3.93	3.93
394	2021-10-25	4.01	4.02	3.95	3.98
395	2021-10-26	3.94	3.95	3.87	3.92
396	2021-10-27	3.94	3.95	3.85	3.87
397	2021-10-28	3.87	3.9	3.76	3.77
398	2021-10-29	3.71	3.71	3.59	3.62
399	2021-11-01	3.64	3.66	3.59	3.59
400	2021-11-02	3.57	3.58	3.5	3.55
401	2021-11-03	3.5	3.61	3.45	3.56
402	2021-11-04	3.67	3.74	3.52	3.53
403	2021-11-05	3.53	3.63	3.48	3.63
404	2021-11-08	3.68	3.72	3.61	3.64
405	2021-11-09	3.65	3.68	3.55	3.6
406	2021-11-10	3.74	3.83	3.71	3.71
407	2021-11-11	4.01	4.17	4.01	4.11
408	2021-11-12	4.01	4.1	3.96	4.07
409	2021-11-15	4.1	4.15	4.05	4.14
410	2021-11-16	4.17	4.21	4.1	4.12
411	2021-11-17	4.26	4.32	4.21	4.25
412	2021-11-18	4.25	4.27	4.13	4.17
413	2021-11-19	4.17	4.18	4.03	4.03
414	2021-11-22	3.99	4.06	3.88	4.02
415	2021-11-23	3.95	3.98	3.85	3.93
416	2021-11-24	3.86	3.93	3.83	3.89
417	2021-11-26	3.95	3.98	3.79	3.86
