	Date	Open	High	Low	Close
0	2020-04-02	445.470001	472.200012	443.0	462.869995
1	2020-04-03	452.720001	460.959991	443.01001	454.470001
2	2020-04-06	473.880005	509.25	470.089996	506.160004
3	2020-04-07	547.190002	554.929993	507.589996	525.669983
4	2020-04-08	536.25	548.0	527.080017	544.0
5	2020-04-09	551.039978	557.849976	527.080017	533.280029
6	2020-04-13	528.02002	546.98999	517.01001	543.0
7	2020-04-14	558.719971	577.23999	551.619995	562.02002
8	2020-04-15	551.869995	595.840027	540.900024	588.640015
9	2020-04-16	611.25	633.200012	590.01001	612.710022
10	2020-04-17	626.179993	628.130005	582.799988	597.5
11	2020-04-20	593.719971	617.960022	591.0	601.640015
12	2020-04-21	595.719971	598.150024	562.0	573.380005
13	2020-04-22	586.98999	615.0	570.090027	601.049988
14	2020-04-23	609.01001	615.0	582.130005	586.710022
15	2020-04-24	590.26001	597.130005	553.609985	571.27002
16	2020-04-27	591.429993	593.0	575.0	589.469971
17	2020-04-28	592.02002	606.359985	589.0	598.539978
18	2020-04-29	605.01001	611.76001	591.039978	602.419983
19	2020-04-30	603.869995	606.690002	579.01001	583.51001
20	2020-05-01	571.400024	609.809998	570.01001	605.52002
21	2020-05-04	596.299988	610.400024	592.719971	607.400024
22	2020-05-05	618.849976	633.900024	610.830017	620.940002
23	2020-05-06	734.0	777.969971	729.090027	742.880005
24	2020-05-07	750.0	772.719971	738.679993	772.02002
25	2020-05-08	773.590027	798.099976	761.409973	784.52002
26	2020-05-11	780.0	805.840027	776.590027	781.109985
27	2020-05-12	785.159973	794.429993	761.25	762.090027
28	2020-05-13	765.609985	777.97998	753.119995	768.539978
29	2020-05-14	760.030029	778.950012	746.01001	777.27002
30	2020-05-15	764.27002	783.73999	764.27002	775.049988
31	2020-05-18	792.530029	804.650024	786.030029	794.559998
32	2020-05-19	802.880005	827.330017	799.25	805.960022
33	2020-05-20	821.049988	842.700012	817.219971	828.309998
34	2020-05-21	825.609985	831.02002	802.059998	814.710022
35	2020-05-22	812.98999	843.380005	804.849976	841.309998
36	2020-05-26	859.140015	864.049988	828.320007	834.169983
37	2020-05-27	833.859985	836.289978	783.01001	820.830017
38	2020-05-28	817.109985	838.429993	811.210022	827.159973
39	2020-05-29	835.0	855.0	830.950012	851.669983
40	2020-06-01	852.669983	860.710022	842.0	844.080017
41	2020-06-02	844.5	867.22998	837.76001	859.77002
42	2020-06-03	865.460022	874.0	850.650024	853.52002
43	2020-06-04	849.049988	877.679993	838.090027	839.98999
44	2020-06-05	850.0	871.0	839.52002	866.929993
45	2020-06-08	866.940002	868.049988	840.429993	858.859985
46	2020-06-09	849.75	876.72998	848.690002	866.429993
47	2020-06-10	877.0	892.940002	863.02002	886.780029
48	2020-06-11	873.619995	889.869995	845.859985	855.0
49	2020-06-12	874.429993	900.799988	869.22998	896.429993
50	2020-06-15	885.859985	940.380005	877.02002	924.0
51	2020-06-16	958.02002	964.840027	923.25	950.26001
52	2020-06-17	960.309998	967.27002	928.659973	935.72998
53	2020-06-18	930.0	937.570007	922.090027	926.02002
54	2020-06-19	929.190002	961.98999	922.5	952.960022
55	2020-06-22	953.940002	989.0	953.01001	984.539978
56	2020-06-23	995.299988	998.109985	976.380005	977.48999
57	2020-06-24	978.340027	988.52002	942.0	953.77002
58	2020-06-25	950.349976	972.950012	944.349976	971.440002
59	2020-06-26	974.51001	985.030029	952.619995	973.169983
60	2020-06-29	970.299988	987.0	949.97998	980.830017
61	2020-06-30	982.0	989.98999	971.01001	985.77002
62	2020-07-01	985.0	993.049988	968.830017	977.140015
63	2020-07-02	991.909973	997.98999	982.599976	988.419983
64	2020-07-06	1001.929993	1035.579956	990.0	995.929993
65	2020-07-07	1000.580017	1023.47998	986.900024	1007.23999
66	2020-07-08	1020.75	1020.97998	1001.440002	1015.0
67	2020-07-09	1026.26001	1026.26001	991.820007	1017.450012
68	2020-07-10	1020.0	1035.849976	1001.609985	1035.829956
69	2020-07-13	1058.01001	1125.0	979.820007	981.969971
70	2020-07-14	972.140015	1000.0	950.409973	972.630005
71	2020-07-15	978.280029	987.179993	956.809998	971.630005
72	2020-07-16	959.659973	965.719971	945.789978	956.619995
73	2020-07-17	964.619995	972.950012	941.440002	964.719971
74	2020-07-20	980.340027	1029.930054	975.0	1024.810059
75	2020-07-21	1059.98999	1059.98999	1013.390015	1018.900024
76	2020-07-22	1029.150024	1046.800049	1003.830017	1019.390015
77	2020-07-23	1018.450012	1034.219971	976.820007	982.299988
78	2020-07-24	968.030029	1002.469971	952.219971	988.98999
79	2020-07-27	1004.47998	1081.73999	996.0	1070.439941
80	2020-07-28	1063.0	1066.329956	1039.560059	1039.560059
81	2020-07-29	1060.680054	1095.349976	1053.75	1086.910034
82	2020-07-30	1085.550049	1131.890015	1074.089966	1107.5
83	2020-07-31	1147.109985	1150.819946	1085.150024	1124.619995
84	2020-08-03	1124.98999	1181.98999	1124.98999	1172.619995
85	2020-08-04	1170.719971	1175.0	1151.119995	1173.930054
86	2020-08-05	1186.719971	1234.27002	1181.609985	1225.449951
87	2020-08-06	1235.339966	1248.219971	1200.150024	1219.959961
88	2020-08-07	1218.0	1235.0	1162.319946	1193.969971
89	2020-08-10	1267.0	1270.0	1090.0	1124.310059
90	2020-08-11	1137.98999	1146.0	1097.719971	1100.01001
91	2020-08-12	1117.420044	1138.969971	1101.219971	1111.640015
92	2020-08-13	1122.51001	1161.819946	1121.0	1157.050049
93	2020-08-14	1171.650024	1172.48999	1145.0	1156.439941
94	2020-08-17	1171.76001	1197.589966	1165.01001	1189.869995
95	2020-08-18	1191.0	1221.319946	1180.0	1208.640015
96	2020-08-19	1213.780029	1229.719971	1198.0	1212.449951
97	2020-08-20	1200.02002	1221.079956	1195.530029	1218.300049
98	2020-08-21	1211.0	1221.060059	1200.0	1202.280029
99	2020-08-24	1217.0	1231.589966	1198.660034	1212.089966
100	2020-08-25	1210.380005	1233.98999	1200.300049	1224.0
101	2020-08-26	1230.060059	1244.150024	1208.209961	1215.930054
102	2020-08-27	1224.72998	1225.079956	1199.0	1201.400024
103	2020-08-28	1208.01001	1220.060059	1172.859985	1178.900024
104	2020-08-31	1174.75	1176.300049	1128.560059	1168.589966
105	2020-09-01	1200.0	1222.680054	1195.630005	1209.26001
106	2020-09-02	1221.109985	1225.0	1171.630005	1195.959961
107	2020-09-03	1168.47998	1177.380005	1067.920044	1087.119995
108	2020-09-04	1085.01001	1102.290039	1000.0	1083.380005
109	2020-09-08	1015.080017	1078.699951	1014.539978	1022.530029
110	2020-09-09	1065.810059	1070.52002	1030.099976	1057.339966
111	2020-09-10	1069.73999	1090.819946	1030.189941	1040.98999
112	2020-09-11	1046.349976	1055.0	1015.48999	1032.97998
113	2020-09-14	1056.0	1065.0	1026.22998	1036.77002
114	2020-09-15	1051.949951	1054.709961	1015.0	1029.98999
115	2020-09-16	1035.0	1048.810059	1000.51001	1003.0
116	2020-09-17	979.98999	995.820007	959.869995	980.150024
117	2020-09-18	987.030029	1005.549988	970.849976	998.059998
118	2020-09-21	984.390015	1012.140015	966.73999	1011.98999
119	2020-09-22	1023.0	1061.910034	1011.01001	1060.969971
120	2020-09-23	1072.719971	1072.719971	1010.599976	1020.960022
121	2020-09-24	1003.630005	1048.939941	986.830017	1034.630005
122	2020-09-25	1034.060059	1068.390015	1018.409973	1062.0
123	2020-09-28	1101.569946	1107.859985	1070.0	1093.430054
124	2020-09-29	1095.430054	1095.430054	1068.0	1082.869995
125	2020-09-30	1085.0	1098.0	1076.650024	1082.47998
126	2020-10-01	1097.98999	1117.859985	1095.910034	1115.339966
127	2020-10-02	1083.550049	1105.0	1063.699951	1079.329956
128	2020-10-05	1085.780029	1097.609985	1079.079956	1090.579956
129	2020-10-06	1086.790039	1116.650024	1085.01001	1091.390015
130	2020-10-07	1105.699951	1149.0	1094.859985	1145.0
131	2020-10-08	1158.540039	1173.430054	1150.719971	1160.369995
132	2020-10-09	1165.130005	1202.98999	1162.800049	1199.839966
133	2020-10-12	1236.22998	1239.0	1201.890015	1215.75
134	2020-10-13	1227.839966	1280.439941	1202.22998	1269.170044
135	2020-10-14	1270.0	1283.959961	1217.170044	1238.699951
136	2020-10-15	1212.130005	1261.920044	1206.0	1257.890015
137	2020-10-16	1269.890015	1280.52002	1258.050049	1271.380005
138	2020-10-19	1273.0	1298.810059	1266.780029	1284.050049
139	2020-10-20	1297.98999	1378.5	1295.01001	1333.660034
140	2020-10-21	1333.430054	1374.930054	1286.77002	1299.130005
141	2020-10-22	1293.670044	1316.0	1269.400024	1294.319946
142	2020-10-23	1300.01001	1312.670044	1282.73999	1312.160034
143	2020-10-26	1303.079956	1327.390015	1255.390015	1281.439941
144	2020-10-27	1285.949951	1293.810059	1267.099976	1282.469971
145	2020-10-28	1248.0	1285.98999	1237.459961	1273.589966
146	2020-10-29	1288.880005	1314.77002	1267.930054	1300.97998
147	2020-10-30	1279.410034	1292.780029	1195.01001	1214.050049
148	2020-11-02	1229.449951	1252.0	1192.140015	1215.859985
149	2020-11-03	1220.0	1242.77002	1196.630005	1233.969971
150	2020-11-04	1282.0	1321.160034	1275.0	1315.689941
151	2020-11-05	1405.099976	1460.0	1372.76001	1437.800049
152	2020-11-06	1433.97998	1490.670044	1395.680054	1485.859985
153	2020-11-09	1445.51001	1450.430054	1330.0	1330.719971
154	2020-11-10	1325.880005	1325.930054	1219.140015	1226.030029
155	2020-11-11	1274.390015	1339.099976	1267.52002	1304.48999
156	2020-11-12	1315.0	1355.0	1293.560059	1296.0
157	2020-11-13	1321.72998	1335.459961	1285.459961	1301.660034
158	2020-11-16	1286.550049	1311.900024	1275.890015	1286.310059
159	2020-11-17	1298.040039	1312.530029	1283.0	1300.810059
160	2020-11-18	1305.310059	1327.410034	1290.890015	1318.089966
161	2020-11-19	1324.959961	1383.959961	1312.310059	1370.300049
162	2020-11-20	1372.930054	1423.969971	1365.579956	1416.98999
163	2020-11-23	1431.469971	1458.099976	1413.98999	1451.77002
164	2020-11-24	1458.290039	1460.650024	1401.349976	1439.280029
165	2020-11-25	1447.910034	1484.22998	1445.0	1480.359985
166	2020-11-27	1480.0	1519.180054	1463.27002	1513.430054
167	2020-11-30	1529.51001	1558.26001	1475.849976	1553.329956
168	2020-12-01	1556.040039	1577.0	1516.550049	1521.660034
169	2020-12-02	1517.540039	1525.390015	1483.339966	1522.859985
170	2020-12-03	1537.300049	1569.959961	1533.300049	1560.339966
171	2020-12-04	1566.829956	1566.829956	1529.0	1557.380005
172	2020-12-07	1557.199951	1589.109985	1551.430054	1575.599976
173	2020-12-08	1580.0	1628.910034	1575.0	1615.880005
174	2020-12-09	1619.880005	1619.880005	1517.089966	1536.540039
175	2020-12-10	1531.550049	1598.0	1512.599976	1589.52002
176	2020-12-11	1597.0	1606.630005	1572.030029	1606.630005
177	2020-12-14	1612.0	1640.0	1610.0	1618.060059
178	2020-12-15	1634.109985	1676.920044	1634.109985	1668.98999
179	2020-12-16	1670.0	1675.22998	1640.0	1669.540039
180	2020-12-17	1671.77002	1694.0	1661.469971	1679.98999
181	2020-12-18	1697.660034	1727.969971	1676.380005	1723.680054
182	2020-12-21	1707.650024	1726.709961	1665.300049	1697.890015
183	2020-12-22	1713.650024	1735.75	1701.680054	1732.390015
184	2020-12-23	1729.26001	1735.390015	1667.01001	1670.01001
185	2020-12-24	1672.0	1694.47998	1665.900024	1690.47998
186	2020-12-28	1700.0	1703.319946	1625.699951	1663.719971
187	2020-12-29	1680.0	1689.410034	1640.030029	1673.48999
188	2020-12-30	1690.0	1723.959961	1659.599976	1712.939941
189	2020-12-31	1718.589966	1718.589966	1660.900024	1675.219971
190	2021-01-04	1690.98999	1725.0	1612.569946	1640.0
191	2021-01-05	1639.380005	1704.25	1630.0	1650.0
192	2021-01-06	1627.319946	1627.319946	1564.949951	1571.97998
193	2021-01-07	1616.969971	1629.329956	1570.569946	1597.969971
194	2021-01-08	1623.839966	1719.26001	1612.829956	1719.0
195	2021-01-11	1701.160034	1794.780029	1675.0	1761.550049
196	2021-01-12	1792.079956	1845.25	1777.949951	1810.089966
197	2021-01-13	1823.0	1830.0	1766.689941	1798.189941
198	2021-01-14	1814.0	1889.619995	1814.0	1852.530029
199	2021-01-15	1860.01001	1877.109985	1805.459961	1851.780029
200	2021-01-19	1888.170044	1938.170044	1861.0	1913.209961
201	2021-01-20	1960.0	1991.880005	1929.52002	1984.339966
202	2021-01-21	2020.0	2020.0	1909.900024	1940.189941
203	2021-01-22	1953.27002	1971.77002	1903.280029	1965.050049
204	2021-01-25	2006.0	2012.800049	1863.849976	1880.0
205	2021-01-26	1900.76001	1908.880005	1781.209961	1807.73999
206	2021-01-27	1803.550049	1828.300049	1700.0	1718.699951
207	2021-01-28	1770.02002	1850.969971	1732.709961	1844.72998
208	2021-01-29	1799.51001	1833.160034	1744.150024	1779.51001
209	2021-02-01	1812.579956	1903.709961	1810.01001	1896.790039
210	2021-02-02	1915.810059	1938.589966	1850.77002	1909.98999
211	2021-02-03	1932.119995	1932.119995	1863.27002	1870.52002
212	2021-02-04	1905.0	1912.329956	1860.0	1893.349976
213	2021-02-05	1912.880005	1938.5	1895.73999	1918.130005
214	2021-02-08	1948.0	1948.0	1863.540039	1900.890015
215	2021-02-09	1893.26001	1895.0	1863.670044	1878.0
216	2021-02-10	1878.0	1930.0	1863.98999	1905.27002
217	2021-02-11	1934.98999	1955.0	1908.800049	1942.25
218	2021-02-12	1934.150024	1947.939941	1880.0	1943.0
219	2021-02-16	1958.5	2006.709961	1925.420044	1939.869995
220	2021-02-17	1913.189941	1915.890015	1827.689941	1890.25
221	2021-02-18	1852.0	1894.939941	1830.660034	1891.089966
222	2021-02-19	1891.089966	1955.73999	1891.089966	1910.390015
223	2021-02-22	1878.47998	1881.5	1783.589966	1788.819946
224	2021-02-23	1717.170044	1779.0	1657.599976	1775.790039
225	2021-02-24	1769.300049	1784.0	1699.530029	1714.0
226	2021-02-25	1703.280029	1730.0	1594.660034	1613.060059
227	2021-02-26	1636.030029	1660.0	1575.0	1638.109985
228	2021-03-01	1691.030029	1724.22998	1665.280029	1713.280029
229	2021-03-02	1700.0	1707.869995	1606.52002	1642.410034
230	2021-03-03	1639.119995	1655.0	1518.719971	1528.0
231	2021-03-04	1519.0	1582.939941	1407.390015	1458.640015
232	2021-03-05	1475.51001	1493.0	1348.910034	1470.23999
233	2021-03-08	1450.0	1488.97998	1362.5	1369.540039
234	2021-03-09	1451.98999	1483.869995	1405.51001	1452.01001
235	2021-03-10	1531.540039	1531.689941	1429.579956	1435.569946
236	2021-03-11	1509.98999	1588.0	1490.23999	1570.780029
237	2021-03-12	1531.0	1563.119995	1506.780029	1550.150024
238	2021-03-15	1536.589966	1581.319946	1532.089966	1581.319946
239	2021-03-16	1600.800049	1620.109985	1529.290039	1550.48999
240	2021-03-17	1516.0	1555.0	1480.0	1537.619995
241	2021-03-18	1488.51001	1500.0	1433.180054	1436.170044
242	2021-03-19	1438.0	1469.619995	1420.01001	1448.890015
243	2021-03-22	1454.640015	1482.650024	1454.109985	1476.109985
244	2021-03-23	1479.040039	1492.150024	1441.959961	1446.650024
245	2021-03-24	1442.0	1442.0	1381.0	1387.849976
246	2021-03-25	1361.609985	1415.359985	1337.949951	1402.5
247	2021-03-26	1390.48999	1444.609985	1381.089966	1431.969971
248	2021-03-29	1430.689941	1430.920044	1368.439941	1403.420044
249	2021-03-30	1402.859985	1445.890015	1388.5	1428.030029
250	2021-03-31	1452.709961	1497.939941	1442.430054	1472.140015
251	2021-04-01	1518.73999	1570.290039	1494.569946	1510.5
252	2021-04-05	1528.810059	1533.0	1462.0	1503.449951
253	2021-04-06	1505.0	1569.890015	1505.0	1547.790039
254	2021-04-07	1545.140015	1548.359985	1515.0	1542.0
255	2021-04-08	1574.040039	1600.199951	1570.0	1588.0
256	2021-04-09	1579.98999	1593.560059	1543.030029	1584.72998
257	2021-04-12	1563.109985	1598.0	1559.219971	1593.650024
258	2021-04-13	1610.0	1629.290039	1583.73999	1598.199951
259	2021-04-14	1608.01001	1616.569946	1536.420044	1546.560059
260	2021-04-15	1572.22998	1609.579956	1569.140015	1599.47998
261	2021-04-16	1602.0	1613.380005	1571.030029	1591.880005
262	2021-04-19	1571.26001	1593.98999	1531.689941	1570.98999
263	2021-04-20	1560.060059	1567.089966	1506.47998	1533.410034
264	2021-04-21	1514.339966	1578.569946	1514.339966	1576.98999
265	2021-04-22	1569.660034	1592.569946	1548.079956	1563.459961
266	2021-04-23	1580.310059	1614.089966	1573.959961	1600.910034
267	2021-04-26	1598.420044	1624.680054	1570.459961	1623.01001
268	2021-04-27	1635.0	1649.910034	1602.069946	1604.939941
269	2021-04-28	1601.709961	1647.400024	1571.459961	1622.0
270	2021-04-29	1631.280029	1635.810059	1577.680054	1588.22998
271	2021-04-30	1562.670044	1605.0	1560.5	1570.97998
272	2021-05-03	1579.0	1625.060059	1565.01001	1571.530029
273	2021-05-04	1550.170044	1550.170044	1489.0	1526.910034
274	2021-05-05	1536.810059	1569.660034	1516.040039	1530.540039
275	2021-05-06	1552.02002	1552.02002	1432.380005	1446.339966
276	2021-05-07	1468.670044	1517.0	1462.25	1481.26001
277	2021-05-10	1460.780029	1464.300049	1378.209961	1384.459961
278	2021-05-11	1303.930054	1402.77002	1300.0	1381.420044
279	2021-05-12	1341.839966	1361.030029	1300.060059	1302.48999
280	2021-05-13	1309.089966	1317.810059	1262.380005	1296.650024
281	2021-05-14	1329.969971	1332.0	1302.0	1323.099976
282	2021-05-17	1309.02002	1344.369995	1305.0	1336.780029
283	2021-05-18	1339.130005	1370.0	1336.910034	1346.060059
284	2021-05-19	1303.160034	1334.959961	1297.969971	1322.310059
285	2021-05-20	1333.930054	1376.030029	1333.930054	1374.98999
286	2021-05-21	1393.0	1406.160034	1356.77002	1367.119995
287	2021-05-24	1373.430054	1385.189941	1363.640015	1367.329956
288	2021-05-25	1377.01001	1396.640015	1363.5	1365.420044
289	2021-05-26	1381.72998	1405.089966	1371.0	1385.469971
290	2021-05-27	1373.0	1382.97998	1344.609985	1355.0
291	2021-05-28	1378.02002	1382.48999	1357.01001	1358.670044
292	2021-06-01	1371.790039	1380.01001	1341.969971	1368.869995
293	2021-06-02	1369.51001	1378.930054	1348.689941	1362.449951
294	2021-06-03	1341.089966	1354.030029	1318.869995	1324.150024
295	2021-06-04	1341.880005	1349.280029	1320.0	1325.420044
296	2021-06-07	1320.51001	1329.5	1303.469971	1325.189941
297	2021-06-08	1333.77002	1342.810059	1300.439941	1311.530029
298	2021-06-09	1327.829956	1343.5	1313.290039	1316.660034
299	2021-06-10	1314.060059	1380.699951	1310.619995	1373.349976
300	2021-06-11	1380.0	1406.699951	1379.300049	1392.75
301	2021-06-14	1396.22998	1438.060059	1390.689941	1432.630005
302	2021-06-15	1438.119995	1455.829956	1400.0	1404.780029
303	2021-06-16	1410.540039	1438.640015	1393.199951	1427.22998
304	2021-06-17	1410.0	1468.410034	1409.01001	1462.579956
305	2021-06-18	1465.099976	1482.72998	1460.0	1468.060059
306	2021-06-21	1468.599976	1485.02002	1440.349976	1476.339966
307	2021-06-22	1477.0	1515.099976	1474.380005	1505.0
308	2021-06-23	1520.449951	1535.930054	1504.040039	1532.76001
309	2021-06-24	1550.0	1561.939941	1534.75	1542.390015
310	2021-06-25	1554.099976	1576.209961	1525.0	1541.719971
311	2021-06-28	1551.0	1576.650024	1545.0	1570.719971
312	2021-06-29	1573.920044	1583.939941	1544.469971	1583.0
313	2021-06-30	1581.0	1584.869995	1552.01001	1557.790039
314	2021-07-01	1554.390015	1558.819946	1516.420044	1544.98999
315	2021-07-02	1550.47998	1570.619995	1536.5	1551.959961
316	2021-07-06	1557.51001	1574.0	1539.109985	1553.959961
317	2021-07-07	1563.880005	1572.319946	1534.910034	1540.900024
318	2021-07-08	1513.660034	1529.0	1477.109985	1526.930054
319	2021-07-09	1528.050049	1561.920044	1515.52002	1554.969971
320	2021-07-12	1555.01001	1562.300049	1515.27002	1526.0
321	2021-07-13	1519.939941	1576.52002	1510.329956	1548.209961
322	2021-07-14	1559.910034	1579.02002	1505.939941	1507.01001
323	2021-07-15	1507.0	1525.400024	1484.699951	1508.47998
324	2021-07-16	1525.0	1538.170044	1504.25	1512.51001
325	2021-07-19	1488.709961	1507.439941	1471.22998	1497.27002
326	2021-07-20	1507.189941	1553.969971	1483.420044	1542.150024
327	2021-07-21	1539.98999	1555.099976	1525.689941	1550.170044
328	2021-07-22	1559.349976	1602.0	1556.640015	1591.219971
329	2021-07-23	1602.829956	1626.050049	1586.369995	1613.810059
330	2021-07-26	1610.0	1618.880005	1581.930054	1585.709961
331	2021-07-27	1580.0	1585.849976	1524.949951	1580.0
332	2021-07-28	1587.280029	1640.300049	1586.52002	1637.030029
333	2021-07-29	1640.420044	1651.800049	1610.0	1641.52002
334	2021-07-30	1609.069946	1618.0	1555.02002	1568.699951
335	2021-08-02	1587.910034	1601.47998	1539.73999	1578.650024
336	2021-08-03	1581.699951	1592.969971	1542.900024	1575.699951
337	2021-08-04	1568.0	1587.5	1553.27002	1570.0
338	2021-08-05	1674.119995	1812.949951	1674.119995	1786.109985
339	2021-08-06	1776.829956	1780.0	1741.599976	1756.27002
340	2021-08-09	1765.219971	1767.310059	1736.420044	1755.73999
341	2021-08-10	1772.839966	1878.939941	1767.550049	1878.530029
342	2021-08-11	1879.27002	1899.329956	1847.540039	1887.569946
343	2021-08-12	1877.300049	1887.069946	1833.23999	1842.670044
344	2021-08-13	1831.75	1860.459961	1818.430054	1851.599976
345	2021-08-16	1850.0	1865.150024	1781.430054	1795.0
346	2021-08-17	1761.349976	1778.790039	1744.640015	1767.98999
347	2021-08-18	1769.319946	1804.27002	1762.829956	1784.130005
348	2021-08-19	1762.0	1804.890015	1746.02002	1759.959961
349	2021-08-20	1756.0	1799.47998	1753.5	1786.540039
350	2021-08-23	1793.01001	1817.48999	1771.209961	1810.0
351	2021-08-24	1834.380005	1865.890015	1825.099976	1855.290039
352	2021-08-25	1860.869995	1872.300049	1844.449951	1871.939941
353	2021-08-26	1864.48999	1864.48999	1827.51001	1835.680054
354	2021-08-27	1835.0	1874.560059	1830.920044	1865.0
355	2021-08-30	1853.550049	1910.0	1853.550049	1878.900024
356	2021-08-31	1890.0	1891.069946	1848.219971	1867.449951
357	2021-09-01	1878.0	1915.410034	1876.150024	1896.51001
358	2021-09-02	1903.079956	1970.130005	1903.079956	1931.329956
359	2021-09-03	1928.880005	1962.0	1924.619995	1946.01001
360	2021-09-07	1953.119995	1962.790039	1920.0	1953.829956
361	2021-09-08	1949.560059	1949.560059	1882.189941	1906.140015
362	2021-09-09	1901.719971	1916.680054	1879.310059	1883.410034
363	2021-09-10	1904.98999	1922.560059	1847.25	1847.410034
364	2021-09-13	1858.780029	1868.23999	1811.790039	1852.609985
365	2021-09-14	1861.310059	1875.0	1837.530029	1856.339966
366	2021-09-15	1846.0	1898.619995	1836.800049	1889.26001
367	2021-09-16	1883.680054	1905.319946	1875.0	1881.349976
368	2021-09-17	1892.939941	1903.660034	1871.800049	1878.22998
369	2021-09-20	1821.130005	1857.140015	1777.949951	1820.699951
370	2021-09-21	1827.790039	1862.670044	1817.689941	1838.589966
371	2021-09-22	1850.76001	1888.839966	1840.900024	1879.48999
372	2021-09-23	1895.0	1913.77002	1869.0	1886.48999
373	2021-09-24	1858.699951	1876.939941	1830.0	1869.619995
374	2021-09-27	1842.560059	1844.949951	1755.579956	1768.150024
375	2021-09-28	1720.0	1736.02002	1665.0	1682.01001
376	2021-09-29	1697.339966	1720.0	1648.569946	1662.98999
377	2021-09-30	1665.969971	1696.579956	1641.01001	1679.400024
378	2021-10-01	1692.150024	1700.390015	1650.069946	1667.599976
379	2021-10-04	1647.52002	1650.900024	1584.400024	1592.75
380	2021-10-05	1596.0	1603.72998	1577.180054	1585.439941
381	2021-10-06	1560.0	1577.189941	1524.839966	1548.569946
382	2021-10-07	1574.930054	1580.650024	1544.109985	1554.040039
383	2021-10-08	1557.670044	1571.459961	1505.099976	1511.189941
384	2021-10-11	1500.040039	1506.359985	1452.390015	1459.319946
385	2021-10-12	1472.97998	1488.98999	1454.73999	1461.25
386	2021-10-13	1479.089966	1524.189941	1471.77002	1518.430054
387	2021-10-14	1536.619995	1544.099976	1514.51001	1524.25
388	2021-10-15	1532.640015	1572.859985	1531.5	1563.089966
389	2021-10-18	1569.109985	1610.0	1551.550049	1592.619995
390	2021-10-19	1605.709961	1619.349976	1582.949951	1591.26001
391	2021-10-20	1608.0	1614.449951	1580.430054	1604.01001
392	2021-10-21	1606.160034	1613.859985	1569.0	1583.939941
393	2021-10-22	1581.550049	1583.430054	1499.469971	1503.780029
394	2021-10-25	1521.349976	1561.859985	1521.349976	1536.51001
395	2021-10-26	1545.599976	1552.180054	1517.540039	1544.660034
396	2021-10-27	1543.780029	1549.0	1499.050049	1500.0
397	2021-10-28	1500.0	1528.52002	1481.880005	1516.869995
398	2021-10-29	1501.98999	1504.329956	1477.47998	1481.02002
399	2021-11-01	1485.579956	1500.0	1471.73999	1489.660034
400	2021-11-02	1498.25	1509.420044	1479.819946	1508.709961
401	2021-11-03	1522.439941	1546.699951	1508.550049	1531.930054
402	2021-11-04	1524.439941	1568.719971	1524.439941	1556.48999
403	2021-11-05	1652.5	1705.140015	1605.0	1629.76001
404	2021-11-08	1644.380005	1664.97998	1610.949951	1650.0
405	2021-11-09	1674.859985	1711.02002	1660.140015	1709.97998
406	2021-11-10	1687.310059	1698.349976	1570.640015	1592.219971
407	2021-11-11	1614.839966	1626.670044	1575.5	1577.079956
408	2021-11-12	1594.900024	1607.5	1563.219971	1597.150024
409	2021-11-15	1603.619995	1642.609985	1601.920044	1633.209961
410	2021-11-16	1515.01001	1550.0	1515.0	1541.550049
411	2021-11-17	1540.01001	1540.98999	1477.790039	1487.329956
412	2021-11-18	1485.01001	1486.699951	1428.209961	1446.099976
413	2021-11-19	1451.180054	1454.579956	1394.01001	1401.27002
414	2021-11-22	1429.130005	1435.0	1311.680054	1314.829956
415	2021-11-23	1315.0	1337.209961	1273.849976	1285.0
416	2021-11-24	1282.579956	1308.300049	1263.0	1273.0
417	2021-11-26	1294.709961	1296.630005	1244.0	1258.709961
