	Date	Open	High	Low	Close
0	2020-04-02	151.860001	155.479996	150.360001	155.259995
1	2020-04-03	155.100006	157.380005	152.190002	153.830002
2	2020-04-06	160.320007	166.5	157.580002	165.270004
3	2020-04-07	169.589996	170.0	163.259995	163.490005
4	2020-04-08	165.669998	166.669998	163.5	165.130005
5	2020-04-09	166.360001	167.369995	163.330002	165.139999
6	2020-04-13	164.350006	165.570007	162.300003	165.509995
7	2020-04-14	169.0	173.75	168.0	173.699997
8	2020-04-15	171.199997	173.570007	169.240005	171.880005
9	2020-04-16	174.300003	177.279999	172.899994	177.039993
10	2020-04-17	179.5	180.0	175.869995	178.600006
11	2020-04-20	176.630005	178.75	174.990005	175.059998
12	2020-04-21	173.5	173.669998	166.110001	167.820007
13	2020-04-22	171.389999	174.0	170.820007	173.520004
14	2020-04-23	174.110001	175.059998	170.910004	171.419998
15	2020-04-24	172.059998	174.559998	170.710007	174.550003
16	2020-04-27	176.589996	176.899994	173.300003	174.050003
17	2020-04-28	175.589996	175.669998	169.389999	169.809998
18	2020-04-29	173.220001	177.679993	171.880005	177.429993
19	2020-04-30	180.0	180.399994	176.229996	179.210007
20	2020-05-01	175.800003	178.639999	174.009995	174.570007
21	2020-05-04	174.490005	179.0	173.800003	178.839996
22	2020-05-05	180.619995	183.649994	179.899994	180.759995
23	2020-05-06	182.080002	184.199997	181.630005	182.539993
24	2020-05-07	184.169998	184.550003	182.580002	183.600006
25	2020-05-08	184.979996	185.0	183.360001	184.679993
26	2020-05-11	183.149994	187.509995	182.850006	186.740005
27	2020-05-12	186.800003	187.039993	182.300003	182.509995
28	2020-05-13	182.550003	184.050003	176.539993	179.75
29	2020-05-14	177.539993	180.690002	175.679993	180.529999
30	2020-05-15	179.059998	187.059998	177.0	183.160004
31	2020-05-18	185.75	186.199997	183.960007	184.910004
32	2020-05-19	185.029999	186.600006	183.490005	183.630005
33	2020-05-20	184.809998	185.850006	183.940002	185.660004
34	2020-05-21	185.399994	186.669998	183.289993	183.429993
35	2020-05-22	183.190002	184.460007	182.539993	183.509995
36	2020-05-26	186.339996	186.5	181.100006	181.570007
37	2020-05-27	180.199997	181.990005	176.600006	181.809998
38	2020-05-28	180.740005	184.149994	180.380005	181.399994
39	2020-05-29	182.729996	184.270004	180.410004	183.25
40	2020-06-01	182.539993	183.0	181.460007	182.830002
41	2020-06-02	184.25	185.0	181.350006	184.910004
42	2020-06-03	184.820007	185.940002	183.580002	185.360001
43	2020-06-04	184.300003	185.839996	182.300003	182.919998
44	2020-06-05	182.619995	187.729996	182.009995	187.199997
45	2020-06-08	185.940002	188.550003	184.440002	188.360001
46	2020-06-09	188.0	190.699997	187.259995	189.800003
47	2020-06-10	191.130005	198.520004	191.009995	196.839996
48	2020-06-11	193.130005	195.759995	186.070007	186.270004
49	2020-06-12	190.539993	191.720001	185.179993	187.740005
50	2020-06-15	184.580002	190.820007	184.009995	188.940002
51	2020-06-16	192.889999	195.580002	191.460007	193.570007
52	2020-06-17	195.029999	196.320007	193.690002	194.240005
53	2020-06-18	194.0	196.490005	194.0	196.320007
54	2020-06-19	198.589996	199.289993	194.369995	195.149994
55	2020-06-22	195.789993	200.759995	195.229996	200.570007
56	2020-06-23	202.089996	203.949997	201.429993	201.910004
57	2020-06-24	201.600006	203.25	196.559998	197.839996
58	2020-06-25	197.800003	200.610001	195.470001	200.339996
59	2020-06-26	199.729996	199.889999	194.880005	196.330002
60	2020-06-29	195.779999	198.529999	193.550003	198.440002
61	2020-06-30	197.880005	204.399994	197.740005	203.509995
62	2020-07-01	203.139999	206.350006	201.770004	204.699997
63	2020-07-02	205.679993	208.020004	205.0	206.259995
64	2020-07-06	208.830002	211.130005	208.089996	210.699997
65	2020-07-07	210.449997	214.669998	207.990005	208.25
66	2020-07-08	210.070007	213.259995	208.690002	212.830002
67	2020-07-09	216.330002	216.380005	211.470001	214.320007
68	2020-07-10	213.619995	214.080002	211.080002	213.669998
69	2020-07-13	214.479996	215.800003	206.5	207.070007
70	2020-07-14	206.130005	208.850006	202.029999	208.350006
71	2020-07-15	209.559998	211.330002	205.029999	208.039993
72	2020-07-16	205.399994	205.699997	202.309998	203.919998
73	2020-07-17	204.470001	205.039993	201.389999	202.880005
74	2020-07-20	205.0	212.300003	203.009995	211.600006
75	2020-07-21	213.660004	213.940002	208.029999	208.75
76	2020-07-22	209.199997	212.300003	208.389999	211.75
77	2020-07-23	207.190002	210.919998	202.149994	202.539993
78	2020-07-24	200.419998	202.860001	197.509995	201.300003
79	2020-07-27	201.470001	203.970001	200.860001	203.850006
80	2020-07-28	203.610001	204.699997	201.740005	202.020004
81	2020-07-29	202.5	204.649994	202.009995	204.059998
82	2020-07-30	201.0	204.460007	199.570007	203.899994
83	2020-07-31	204.399994	205.100006	199.009995	205.009995
84	2020-08-03	211.520004	217.639999	210.440002	216.539993
85	2020-08-04	214.169998	214.770004	210.309998	213.289993
86	2020-08-05	214.899994	215.0	211.570007	212.940002
87	2020-08-06	212.339996	216.369995	211.550003	216.350006
88	2020-08-07	214.850006	215.699997	210.929993	212.479996
89	2020-08-10	211.669998	211.880005	206.350006	208.25
90	2020-08-11	207.160004	207.649994	203.139999	203.380005
91	2020-08-12	205.289993	210.279999	204.75	209.190002
92	2020-08-13	209.440002	211.350006	208.149994	208.699997
93	2020-08-14	208.759995	209.589996	207.509995	208.899994
94	2020-08-17	209.600006	211.190002	208.919998	210.279999
95	2020-08-18	210.529999	212.360001	209.210007	211.490005
96	2020-08-19	211.490005	212.100006	209.25	209.699997
97	2020-08-20	209.539993	215.0	208.910004	214.580002
98	2020-08-21	213.860001	216.25	212.850006	213.020004
99	2020-08-24	214.789993	215.520004	212.429993	213.690002
100	2020-08-25	213.100006	216.610001	213.100006	216.470001
101	2020-08-26	217.880005	222.089996	217.360001	221.149994
102	2020-08-27	222.889999	231.149994	219.399994	226.580002
103	2020-08-28	228.179993	230.639999	226.580002	228.910004
104	2020-08-31	227.0	228.699997	224.309998	225.529999
105	2020-09-01	225.509995	227.449997	224.429993	227.270004
106	2020-09-02	227.970001	232.860001	227.350006	231.649994
107	2020-09-03	229.270004	229.309998	214.960007	217.300003
108	2020-09-04	215.100006	218.360001	205.190002	214.25
109	2020-09-08	206.5	210.029999	202.199997	202.660004
110	2020-09-09	207.600006	214.839996	206.699997	211.289993
111	2020-09-10	213.399994	214.740005	204.110001	205.369995
112	2020-09-11	207.199997	208.630005	201.240005	204.029999
113	2020-09-14	204.240005	209.199997	204.029999	205.410004
114	2020-09-15	208.419998	209.779999	206.929993	208.779999
115	2020-09-16	210.619995	210.649994	204.639999	205.050003
116	2020-09-17	200.050003	204.330002	199.960007	202.910004
117	2020-09-18	202.800003	203.649994	196.25	200.389999
118	2020-09-21	197.190002	202.710007	196.380005	202.539993
119	2020-09-22	205.059998	208.100006	202.080002	207.419998
120	2020-09-23	207.899994	208.100006	200.029999	200.589996
121	2020-09-24	199.850006	205.570007	199.199997	203.190002
122	2020-09-25	203.550003	209.039993	202.539993	207.820007
123	2020-09-28	210.880005	212.570007	208.059998	209.440002
124	2020-09-29	209.350006	210.070007	206.809998	207.259995
125	2020-09-30	207.729996	211.979996	206.539993	210.330002
126	2020-10-01	213.490005	213.990005	211.320007	212.460007
127	2020-10-02	208.0	210.990005	205.539993	206.190002
128	2020-10-05	207.220001	210.410004	206.979996	210.380005
129	2020-10-06	208.820007	210.179993	204.820007	205.910004
130	2020-10-07	207.059998	210.110001	206.720001	209.830002
131	2020-10-08	210.509995	211.190002	208.320007	210.580002
132	2020-10-09	211.229996	215.860001	211.229996	215.809998
133	2020-10-12	218.789993	223.860001	216.809998	221.399994
134	2020-10-13	222.720001	225.210007	220.429993	222.860001
135	2020-10-14	223.0	224.220001	219.130005	220.860001
136	2020-10-15	217.100006	220.360001	216.009995	219.660004
137	2020-10-16	220.149994	222.289993	219.320007	219.660004
138	2020-10-19	220.419998	222.300003	213.720001	214.220001
139	2020-10-20	215.800003	217.369995	213.089996	214.649994
140	2020-10-21	213.119995	216.919998	213.119995	214.800003
141	2020-10-22	213.929993	216.059998	211.699997	214.889999
142	2020-10-23	215.029999	216.279999	213.160004	216.229996
143	2020-10-26	213.850006	216.339996	208.100006	210.080002
144	2020-10-27	211.589996	214.669998	210.330002	213.25
145	2020-10-28	207.669998	208.839996	202.100006	202.679993
146	2020-10-29	204.070007	207.360001	203.369995	204.720001
147	2020-10-30	203.5	204.289993	199.619995	202.470001
148	2020-11-02	204.289993	205.279999	200.119995	202.330002
149	2020-11-03	203.889999	208.119995	203.119995	206.429993
150	2020-11-04	214.020004	218.320007	212.419998	216.389999
151	2020-11-05	222.039993	224.119995	221.149994	223.289993
152	2020-11-06	222.259995	224.360001	218.029999	223.720001
153	2020-11-09	224.440002	228.119995	217.880005	218.389999
154	2020-11-10	214.5	216.5	209.720001	211.009995
155	2020-11-11	212.389999	218.039993	212.199997	216.550003
156	2020-11-12	217.210007	219.110001	214.460007	215.440002
157	2020-11-13	216.360001	217.419998	214.160004	216.509995
158	2020-11-16	214.869995	217.740005	214.520004	217.229996
159	2020-11-17	216.100006	217.679993	214.080002	214.460007
160	2020-11-18	213.649994	215.169998	210.929993	211.080002
161	2020-11-19	211.380005	213.029999	209.929993	212.419998
162	2020-11-20	212.199997	213.289993	210.0	210.389999
163	2020-11-23	210.949997	212.289993	208.160004	210.110001
164	2020-11-24	209.589996	214.25	208.860001	213.860001
165	2020-11-25	215.110001	215.289993	212.460007	213.869995
166	2020-11-27	214.850006	216.270004	214.039993	215.229996
167	2020-11-30	214.100006	214.759995	210.839996	214.070007
168	2020-12-01	214.509995	217.320007	213.350006	216.210007
169	2020-12-02	214.880005	215.470001	212.800003	215.369995
170	2020-12-03	214.610001	216.380005	213.649994	214.240005
171	2020-12-04	214.220001	215.380005	213.179993	214.360001
172	2020-12-07	214.369995	215.539993	212.990005	214.289993
173	2020-12-08	213.970001	216.949997	212.889999	216.009995
174	2020-12-09	215.160004	215.229996	211.210007	211.800003
175	2020-12-10	211.770004	213.080002	210.360001	210.520004
176	2020-12-11	210.050003	213.320007	209.110001	213.259995
177	2020-12-14	213.100006	216.210007	212.880005	214.199997
178	2020-12-15	215.169998	215.419998	212.240005	214.130005
179	2020-12-16	214.75	220.110001	214.720001	219.279999
180	2020-12-17	219.869995	220.889999	217.919998	219.419998
181	2020-12-18	218.589996	219.690002	216.020004	218.589996
182	2020-12-21	217.550003	224.0	217.279999	222.589996
183	2020-12-22	222.690002	225.630005	221.850006	223.940002
184	2020-12-23	223.110001	223.559998	220.800003	221.020004
185	2020-12-24	221.419998	223.610001	221.199997	222.75
186	2020-12-28	224.449997	226.029999	223.020004	224.960007
187	2020-12-29	226.309998	227.179993	223.580002	224.149994
188	2020-12-30	225.229996	225.630005	221.470001	221.679993
189	2020-12-31	221.699997	223.0	219.679993	222.419998
190	2021-01-04	222.529999	223.0	214.809998	217.690002
191	2021-01-05	217.259995	218.520004	215.699997	217.899994
192	2021-01-06	212.169998	216.490005	211.940002	212.25
193	2021-01-07	214.039993	219.339996	213.710007	218.289993
194	2021-01-08	218.679993	220.580002	217.029999	219.619995
195	2021-01-11	218.470001	218.910004	216.729996	217.490005
196	2021-01-12	216.5	217.100006	213.320007	214.929993
197	2021-01-13	214.020004	216.759995	213.929993	216.339996
198	2021-01-14	215.910004	217.460007	212.740005	213.020004
199	2021-01-15	213.520004	214.509995	212.029999	212.649994
200	2021-01-19	213.75	216.979996	212.630005	216.440002
201	2021-01-20	217.699997	225.789993	217.289993	224.339996
202	2021-01-21	224.699997	226.300003	222.419998	224.970001
203	2021-01-22	227.080002	230.070007	225.800003	225.949997
204	2021-01-25	229.119995	229.779999	224.220001	229.529999
205	2021-01-26	231.860001	234.179993	230.080002	232.330002
206	2021-01-27	238.0	240.440002	230.139999	232.899994
207	2021-01-28	235.610001	242.639999	235.089996	238.929993
208	2021-01-29	235.990005	238.020004	231.350006	231.960007
209	2021-02-01	235.059998	242.5	232.429993	239.649994
210	2021-02-02	241.300003	242.309998	238.690002	239.509995
211	2021-02-03	239.570007	245.089996	239.259995	243.0
212	2021-02-04	242.660004	243.240005	240.369995	242.009995
213	2021-02-05	242.229996	243.279999	240.419998	242.199997
214	2021-02-08	243.149994	243.679993	240.809998	242.470001
215	2021-02-09	241.869995	244.759995	241.380005	243.770004
216	2021-02-10	245.0	245.919998	240.889999	242.820007
217	2021-02-11	244.779999	245.149994	242.149994	244.490005
218	2021-02-12	243.929993	245.300003	242.729996	244.990005
219	2021-02-16	245.029999	246.130005	242.919998	243.699997
220	2021-02-17	241.320007	244.309998	240.940002	244.199997
221	2021-02-18	241.800003	243.929993	240.860001	243.789993
222	2021-02-19	243.75	243.860001	240.179993	240.970001
223	2021-02-22	237.419998	237.929993	232.399994	234.509995
224	2021-02-23	230.330002	234.830002	228.729996	233.270004
225	2021-02-24	230.009995	235.199997	229.0	234.550003
226	2021-02-25	232.080002	234.589996	227.880005	228.990005
227	2021-02-26	231.529999	235.369995	229.539993	232.380005
228	2021-03-01	235.899994	237.470001	233.149994	236.940002
229	2021-03-02	237.009995	237.300003	233.449997	233.869995
230	2021-03-03	232.160004	233.580002	227.259995	227.559998
231	2021-03-04	226.740005	232.490005	224.259995	226.729996
232	2021-03-05	229.520004	233.270004	226.460007	231.600006
233	2021-03-08	231.369995	233.369995	227.130005	227.389999
234	2021-03-09	232.880005	235.380005	231.669998	233.779999
235	2021-03-10	237.0	237.0	232.039993	232.419998
236	2021-03-11	234.960007	239.169998	234.309998	237.130005
237	2021-03-12	234.009995	235.820007	233.229996	235.75
238	2021-03-15	234.960007	235.190002	231.809998	234.809998
239	2021-03-16	236.279999	240.059998	235.940002	237.710007
240	2021-03-17	236.149994	238.550003	233.229996	237.039993
241	2021-03-18	232.559998	234.190002	230.330002	230.720001
242	2021-03-19	231.020004	232.470001	229.350006	230.350006
243	2021-03-22	230.270004	236.899994	230.139999	235.990005
244	2021-03-23	237.490005	241.050003	237.070007	237.580002
245	2021-03-24	237.850006	238.0	235.320007	235.460007
246	2021-03-25	235.300003	236.940002	231.570007	232.339996
247	2021-03-26	231.550003	236.710007	231.550003	236.479996
248	2021-03-29	236.589996	236.800003	231.880005	235.240005
249	2021-03-30	233.529999	233.850006	231.100006	231.850006
250	2021-03-31	232.910004	239.100006	232.389999	235.770004
251	2021-04-01	238.470001	242.839996	238.050003	242.350006
252	2021-04-05	242.759995	249.960007	242.699997	249.070007
253	2021-04-06	247.610001	249.399994	246.880005	247.860001
254	2021-04-07	247.809998	250.929993	247.190002	249.899994
255	2021-04-08	252.770004	254.139999	252.0	253.25
256	2021-04-09	252.869995	255.990005	252.440002	255.850006
257	2021-04-12	254.710007	257.670013	254.619995	255.910004
258	2021-04-13	257.26001	259.190002	256.829987	258.48999
259	2021-04-14	257.480011	258.829987	255.160004	255.589996
260	2021-04-15	257.929993	259.929993	257.730011	259.5
261	2021-04-16	259.470001	261.0	257.600006	260.73999
262	2021-04-19	260.190002	261.480011	257.820007	258.73999
263	2021-04-20	257.820007	260.200012	256.839996	258.26001
264	2021-04-21	258.940002	260.679993	257.25	260.579987
265	2021-04-22	260.209991	261.779999	255.639999	257.170013
266	2021-04-23	257.880005	261.51001	257.269989	261.149994
267	2021-04-26	261.660004	262.440002	260.170013	261.549988
268	2021-04-27	261.579987	263.190002	260.119995	261.970001
269	2021-04-28	256.079987	256.540009	252.949997	254.559998
270	2021-04-29	255.460007	256.100006	249.0	252.509995
271	2021-04-30	249.740005	253.080002	249.600006	252.179993
272	2021-05-03	253.399994	254.350006	251.119995	251.860001
273	2021-05-04	250.970001	251.210007	245.759995	247.789993
274	2021-05-05	249.059998	249.5	245.820007	246.470001
275	2021-05-06	246.449997	249.860001	244.690002	249.729996
276	2021-05-07	252.149994	254.300003	251.169998	252.460007
277	2021-05-10	250.869995	251.729996	247.119995	247.179993
278	2021-05-11	244.550003	246.600006	242.570007	246.229996
279	2021-05-12	242.169998	244.380005	238.070007	239.0
280	2021-05-13	241.800003	245.600006	241.419998	243.029999
281	2021-05-14	245.580002	249.179993	245.490005	248.149994
282	2021-05-17	246.550003	246.589996	243.520004	245.179993
283	2021-05-18	246.270004	246.410004	242.899994	243.080002
284	2021-05-19	239.309998	243.229996	238.600006	243.119995
285	2021-05-20	243.960007	247.949997	243.860001	246.479996
286	2021-05-21	247.570007	248.330002	244.740005	245.169998
287	2021-05-24	247.789993	251.160004	247.509995	250.779999
288	2021-05-25	251.770004	252.75	250.820007	251.720001
289	2021-05-26	251.429993	252.940002	250.75	251.490005
290	2021-05-27	251.169998	251.479996	249.25	249.309998
291	2021-05-28	251.0	252.080002	249.559998	249.679993
292	2021-06-01	251.229996	251.289993	246.960007	247.399994
293	2021-06-02	248.130005	249.270004	245.839996	247.300003
294	2021-06-03	245.220001	246.339996	243.0	245.710007
295	2021-06-04	247.759995	251.649994	247.509995	250.789993
296	2021-06-07	249.979996	254.089996	249.809998	253.809998
297	2021-06-08	255.160004	256.01001	252.509995	252.570007
298	2021-06-09	253.809998	255.529999	253.210007	253.589996
299	2021-06-10	254.289993	257.459991	253.669998	257.23999
300	2021-06-11	257.98999	258.48999	256.609985	257.890015
301	2021-06-14	257.899994	259.950012	256.799988	259.890015
302	2021-06-15	259.769989	259.98999	257.679993	258.359985
303	2021-06-16	259.399994	260.579987	254.419998	257.380005
304	2021-06-17	256.070007	261.75	256.01001	260.899994
305	2021-06-18	259.630005	262.299988	258.75	259.429993
306	2021-06-21	259.820007	263.519989	257.920013	262.630005
307	2021-06-22	262.720001	265.790009	262.399994	265.51001
308	2021-06-23	265.98999	266.829987	264.429993	265.269989
309	2021-06-24	266.160004	267.850006	265.470001	266.690002
310	2021-06-25	266.230011	267.25	264.76001	265.019989
311	2021-06-28	266.190002	268.899994	265.910004	268.720001
312	2021-06-29	268.869995	271.649994	267.980011	271.399994
313	2021-06-30	270.690002	271.359985	269.600006	270.899994
314	2021-07-01	269.609985	271.839996	269.600006	271.600006
315	2021-07-02	272.820007	278.0	272.5	277.649994
316	2021-07-06	278.029999	279.369995	274.299988	277.660004
317	2021-07-07	279.399994	280.690002	277.149994	279.929993
318	2021-07-08	276.899994	278.730011	274.869995	277.420013
319	2021-07-09	275.720001	278.049988	275.320007	277.940002
320	2021-07-12	279.160004	279.769989	276.579987	277.320007
321	2021-07-13	277.519989	282.850006	277.390015	280.980011
322	2021-07-14	282.350006	283.660004	280.549988	282.51001
323	2021-07-15	282.0	282.51001	279.829987	281.029999
324	2021-07-16	282.070007	284.100006	279.459991	280.75
325	2021-07-19	278.929993	280.369995	274.450012	277.01001
326	2021-07-20	278.029999	280.970001	276.26001	279.320007
327	2021-07-21	278.899994	281.519989	277.290009	281.399994
328	2021-07-22	283.839996	286.420013	283.420013	286.140015
329	2021-07-23	287.369995	289.98999	286.5	289.670013
330	2021-07-26	289.0	289.690002	286.640015	289.049988
331	2021-07-27	289.429993	289.579987	282.950012	286.540009
332	2021-07-28	288.98999	290.149994	283.829987	286.220001
333	2021-07-29	286.23999	288.619995	286.079987	286.5
334	2021-07-30	285.170013	286.660004	283.910004	284.910004
335	2021-08-02	286.359985	286.769989	283.73999	284.820007
336	2021-08-03	285.420013	287.230011	284.0	287.119995
337	2021-08-04	286.220001	287.589996	284.649994	286.51001
338	2021-08-05	286.880005	289.630005	286.100006	289.519989
339	2021-08-06	288.51001	289.5	287.619995	289.459991
340	2021-08-09	289.75	291.549988	287.809998	288.329987
341	2021-08-10	288.799988	289.25	285.200012	286.440002
342	2021-08-11	287.209991	288.660004	285.859985	286.950012
343	2021-08-12	286.630005	289.970001	286.339996	289.809998
344	2021-08-13	289.480011	292.899994	289.299988	292.850006
345	2021-08-16	293.190002	294.820007	290.019989	294.600006
346	2021-08-17	292.390015	293.429993	291.079987	293.079987
347	2021-08-18	292.040009	294.820007	290.269989	290.730011
348	2021-08-19	288.690002	297.470001	288.640015	296.769989
349	2021-08-20	299.720001	305.839996	298.059998	304.359985
350	2021-08-23	303.25	305.399994	301.850006	304.649994
351	2021-08-24	305.019989	305.649994	302.0	302.619995
352	2021-08-25	304.299988	304.589996	300.420013	302.01001
353	2021-08-26	300.98999	302.429993	298.950012	299.089996
354	2021-08-27	298.98999	300.869995	296.829987	299.720001
355	2021-08-30	301.119995	304.220001	301.059998	303.589996
356	2021-08-31	304.420013	304.5	301.5	301.880005
357	2021-09-01	302.869995	305.190002	301.48999	301.829987
358	2021-09-02	302.200012	303.359985	300.179993	301.149994
359	2021-09-03	300.98999	302.600006	300.26001	301.140015
360	2021-09-07	301.01001	301.089996	298.200012	300.179993
361	2021-09-08	299.779999	300.609985	297.470001	300.209991
362	2021-09-09	300.820007	302.140015	297.0	297.25
363	2021-09-10	298.420013	299.920013	295.380005	295.709991
364	2021-09-13	297.549988	298.540009	294.079987	296.98999
365	2021-09-14	299.559998	301.390015	298.100006	299.790009
366	2021-09-15	303.26001	305.320007	301.820007	304.820007
367	2021-09-16	303.76001	305.309998	300.76001	305.220001
368	2021-09-17	304.170013	304.5	299.529999	299.869995
369	2021-09-20	296.329987	298.720001	289.519989	294.299988
370	2021-09-21	295.690002	297.540009	294.070007	294.799988
371	2021-09-22	296.730011	300.220001	294.51001	298.579987
372	2021-09-23	298.850006	300.899994	297.529999	299.559998
373	2021-09-24	298.230011	299.799988	296.929993	299.350006
374	2021-09-27	296.140015	296.470001	292.940002	294.170013
375	2021-09-28	289.799988	290.779999	282.75	283.519989
376	2021-09-29	285.100006	286.769989	283.01001	284.0
377	2021-09-30	285.709991	287.829987	281.619995	281.920013
378	2021-10-01	282.119995	289.980011	281.290009	289.100006
379	2021-10-04	287.399994	287.75	280.25	283.109985
380	2021-10-05	284.049988	290.399994	284.049988	288.76001
381	2021-10-06	285.779999	293.630005	285.51001	293.109985
382	2021-10-07	295.179993	296.640015	293.920013	294.850006
383	2021-10-08	296.220001	296.640015	293.76001	294.850006
384	2021-10-11	292.920013	297.970001	292.75	294.230011
385	2021-10-12	295.339996	295.440002	292.350006	292.880005
386	2021-10-13	294.910004	297.279999	293.48999	296.309998
387	2021-10-14	299.209991	303.269989	297.829987	302.75
388	2021-10-15	302.339996	304.450012	300.519989	304.209991
389	2021-10-18	303.570007	308.209991	302.690002	307.290009
390	2021-10-19	308.350006	309.299988	307.220001	308.230011
391	2021-10-20	309.209991	309.700012	306.109985	307.410004
392	2021-10-21	307.170013	311.019989	306.359985	310.76001
393	2021-10-22	310.399994	311.089996	307.799988	309.160004
394	2021-10-25	309.359985	309.399994	306.459991	308.130005
395	2021-10-26	311.0	312.399994	308.600006	310.109985
396	2021-10-27	316.0	326.100006	316.0	323.170013
397	2021-10-28	324.329987	324.869995	321.359985	324.350006
398	2021-10-29	324.130005	332.0	323.899994	331.619995
399	2021-11-01	331.359985	331.48999	326.369995	329.369995
400	2021-11-02	330.309998	333.450012	330.0	333.130005
401	2021-11-03	333.899994	334.899994	330.649994	334.0
402	2021-11-04	332.890015	336.540009	329.51001	336.440002
403	2021-11-05	338.51001	338.790009	334.420013	336.059998
404	2021-11-08	337.299988	337.649994	334.440002	336.98999
405	2021-11-09	337.109985	338.720001	334.529999	335.950012
406	2021-11-10	334.570007	334.630005	329.920013	330.799988
407	2021-11-11	331.25	333.769989	330.51001	332.429993
408	2021-11-12	333.920013	337.230011	333.790009	336.720001
409	2021-11-15	337.540009	337.880005	334.029999	336.070007
410	2021-11-16	335.679993	340.670013	335.51001	339.51001
411	2021-11-17	338.940002	342.190002	338.0	339.119995
412	2021-11-18	338.179993	342.450012	337.119995	341.269989
413	2021-11-19	342.640015	345.100006	342.200012	343.109985
414	2021-11-22	344.619995	349.670013	339.549988	339.829987
415	2021-11-23	337.049988	339.450012	333.559998	337.679993
416	2021-11-24	336.279999	338.160004	333.910004	337.910004
417	2021-11-26	334.350006	337.929993	328.119995	329.679993
